"lon"	"lat"	"cells"	"id"	"bio.1"	"bio.2"	"bio.3"	"bio.4"	"bio.5"	"bio.6"	"bio.7"	"bio.8"	"bio.9"	"bio.10"	"bio.11"	"bio.12"	"bio.13"	"bio.14"	"bio.15"	"bio.16"	"bio.17"	"bio.18"	"bio.19"
-56.724111	-16.594513	6745	17134	26.38413887	10.08748929	55.55019023	173.4104296	35.76979632	17.61056186	18.15923446	27.04459555	24.28602295	28.37002707	24.28602295	1314.931658	224.9200332	1.555212275	88.4429555	662.8355968	7.983564405	339.7849058	7.983564405
-55.898935	-20.097348	7489	17349	24.49908458	10.23702928	56.18812074	231.8992797	33.26875481	15.04954914	18.21920567	26.21699191	21.46885971	26.33799007	21.46885971	1346.810969	243.5466149	5.170597158	86.83015387	701.320579	25.03409846	361.0132645	25.03409846
-50.2276	-6.0934	4532	18570	23.63596801	8.523752189	53.21723758	111.1491987	33.15099664	17.13409577	16.01690087	23.14801743	23.33785802	24.92826631	23.12973029	2875.150599	469.6392568	6.560193109	82.15835155	1300.627748	42.28943204	461.8236559	1070.409764
-56.625487	-16.492092	6639	17135	26.281113	9.969612037	55.17879201	170.6045302	35.66320856	17.59537548	18.06783308	26.85909708	24.26790713	28.28509251	24.26790713	1325.214789	225.3584937	1.232623371	88.13995009	660.6718483	6.853108073	344.6960425	6.853108073
-56.582529	-17.220406	6851	17133	26.54953948	10.09426924	55.75375828	177.2016205	35.81647485	17.71138284	18.10509201	27.29690415	24.36498833	28.52649098	24.36498833	1306.910229	223.2962336	1.698917324	88.50683448	662.4498342	8.945800444	337.0822033	8.945800444
-56.624547	-20.13702	7487	17127	25.8752611	9.69496618	56.16704004	225.9947928	33.90473942	16.64378678	17.26095264	27.59049206	22.84798494	27.64979687	22.84798494	1270.836487	224.2925282	5.734535941	85.19776118	652.1891599	26.66864372	346.8092949	26.66864372
-45.258934	-10.029945	5390	19505	24.02629308	8.342569083	54.76005065	158.4881369	32.45884518	17.22407278	15.2347724	24.08850682	22.24528771	26.15962585	22.24528771	1437.433993	333.0807206	3.471817253	110.4457518	845.29632	14.30356761	135.5964379	14.30356761
-46.105	-13.3179	6024	19318	23.81540705	8.452692148	52.60846183	195.0044589	31.89926338	15.83209119	16.06717219	24.71963088	21.03798801	25.63746782	21.03798801	1058.27944	220.55668	3.756132418	102.9380827	609.7936756	13.88356886	163.7893211	13.88356886
-56.36016	-20.32233	7488	17239	25.23502757	9.896387965	56.20332251	226.3485339	33.60325563	15.99506536	17.60819027	26.90689022	22.2621867	27.06004608	22.2621867	1310.457217	235.6797481	5.399618023	86.21201954	679.3051952	25.66723897	353.9055876	25.66723897
-49.360942	-6.604597	4640	18772	24.83463322	7.921730417	55.79336732	130.9609611	33.59652401	19.39818683	14.19833718	23.90206921	25.19213864	26.26339198	23.90206921	2794.084762	494.0647761	3.554501313	89.06757464	1328.731355	24.48014438	400.8127703	1328.731355
-49.311041	-5.642724	4428	18774	24.21992704	8.054802886	54.11843487	109.834501	33.36149237	18.47783414	14.88365823	23.54455891	24.25472526	25.46554412	23.54455891	2955.555317	511.6715642	7.922257505	84.31078301	1298.221999	50.20591407	400.808484	1298.221999
-51.065892	-3.92782	4000	18363	23.84163367	7.393635993	61.35879297	49.23070365	30.82021149	18.77037212	12.04983937	23.79793773	23.26612209	24.48307085	23.26612209	2788.361173	455.216382	42.53117182	66.14508098	1208.448542	205.8161592	357.4819971	205.8161592
-56.304408	-19.952643	7382	17240	25.68986578	9.863961298	56.05296311	215.8538191	34.18217772	16.58460437	17.59757335	27.16911482	22.82221421	27.55340242	22.82221421	1310.314589	234.7528629	4.310756298	87.31749281	681.8633402	21.51510231	347.9291692	21.51510231
-50.767709	-4.398304	4107	18469	23.68698155	7.623828523	61.70456901	51.05151484	30.56893318	18.21356202	12.35537116	23.64829389	23.10297891	24.35140885	23.10297891	2910.359886	490.2491587	30.6337407	69.97983598	1249.237655	156.5044368	391.7606066	156.5044368
-49.220509	-11.654095	5700	18762	25.32829234	8.944702555	55.7555771	152.9098293	34.39590589	18.35320125	16.04270464	25.28634165	23.88565505	27.452729	23.88565505	1588.278274	321.1173812	0.536338141	101.195273	884.723385	2.875521056	266.795937	2.875521056
-49.858089	-6.536633	4639	18672	24.34671082	8.221868546	54.29765181	131.2942053	33.59020066	18.44798314	15.14221752	23.56168518	24.48607228	25.76786539	23.56168518	2791.260178	474.8336514	4.100987123	86.6302015	1315.431952	27.76269637	430.7769936	1315.431952
-51.043452	-4.042482	4106	18362	23.56779831	7.535557144	62.72601844	46.94138181	30.16546516	18.1520179	12.01344726	23.58257882	23.00083295	24.15325777	23.00083295	2863.730784	467.4400938	31.92645797	67.61500536	1197.791265	160.9772856	409.9554768	160.9772856
-50.757384	-4.574723	4213	18468	23.52439209	7.937708612	59.2650907	55.50499005	30.97560182	17.58203654	13.39356528	23.47194061	22.94267676	24.24741752	22.94267676	2939.43182	491.0939625	22.07530792	72.09486823	1216.778521	118.6414194	431.1016018	118.6414194
-49.940017	-7.10625	4745	18671	24.75878159	8.188621621	55.12529219	135.5267064	33.81580517	18.96124151	14.85456366	23.8802603	25.02181066	26.24662801	23.8802603	2674.626412	464.057174	2.815951323	88.91705256	1300.484877	19.57094857	419.7053354	1300.484877
-57.038612	-19.555665	7380	17020	26.67926007	9.538980447	55.79493248	215.1303878	34.58190563	17.48540596	17.09649967	28.22320442	23.78375769	28.48292731	23.78375769	1233.825637	213.8190293	4.980752363	85.18387513	629.213038	23.78497395	334.2380885	23.78497395
-56.689361	-20.598509	7593	17126	25.35064277	9.832796071	56.57674256	238.1173724	33.32759068	15.94801804	17.37957264	27.29635904	22.15222942	27.29635904	22.15222942	1270.97559	223.2156364	7.121929283	83.64344201	646.5051902	31.45581467	646.5051902	31.45581467
-57.11938	-19.328109	7274	17021	26.77234544	9.61437074	55.86662029	205.0967473	34.89989966	17.69039121	17.20950845	28.12348025	24.03234371	28.62639306	24.03234371	1240.433767	214.0931438	3.99659826	86.11444633	633.5296557	19.96790692	331.0026352	19.96790692
-54.631448	-20.467707	7491	17567	23.68638667	10.53531496	56.03339396	235.8095874	32.76164715	13.95979665	18.8018505	25.41727846	20.64982953	25.54917619	20.64982953	1394.028417	252.1644034	4.53633305	87.99957202	730.2817153	23.0211532	370.4492951	23.0211532
-55.083947	-19.943579	7384	17460	24.5547115	10.3484796	56.26300741	221.429436	33.59984789	15.20680409	18.3930438	26.06085118	21.65653993	26.43448411	21.65653993	1383.00812	251.1598759	3.802113748	88.73540731	727.4371158	19.92813064	362.8395863	19.92813064
-56.103627	-9.401106	5156	17261	23.67636551	10.1173419	53.88267964	120.7547531	34.25005702	15.47344463	18.77661239	23.36019546	23.33819425	24.97150743	23.03556491	2128.240113	333.8863966	1.991261826	76.58555632	956.1445213	21.59694756	538.7932945	611.7053495
-58.435206	-16.333566	6636	16801	26.48228833	9.79283376	55.02840894	165.2680931	35.43861891	17.6426587	17.79596021	27.11904413	24.59294128	28.38097502	24.59294128	1251.911632	209.2439588	1.805252451	85.19183401	600.9538711	9.627774118	330.5310307	9.627774118
-56.473439	-21.100436	7700	17237	24.08730476	10.10345244	56.50736766	254.8028142	32.30831942	14.42843426	17.87988516	26.27618537	20.66831424	26.27618537	20.66831424	1312.628254	231.5551745	8.502619653	82.73672095	665.3544357	36.31110657	665.3544357	36.31110657
-49.676167	-5.844894	4427	18674	23.81509054	8.307919136	53.57699176	101.6048109	33.12063897	17.61413354	15.50650543	23.30300489	23.5921669	25.02534438	23.30300489	2952.190441	492.8250632	9.100977895	81.68527736	1291.910813	56.05662904	430.1753662	1291.910813
-59.010959	-16.711918	6740	16570	26.05834291	9.769085584	55.5528379	172.6068308	34.56805889	16.98284461	17.58521428	26.90437544	24.05157517	27.89043017	24.05157517	1203.934759	201.3698884	2.58751741	83.54115657	575.7308082	14.2251469	318.5018716	14.2251469
-56.377802	-16.513124	6746	17246	26.19921991	10.03085536	55.34136838	175.3132484	35.58500599	17.45958616	18.12541983	26.83375257	24.05843867	28.21855117	24.05843867	1337.923798	229.7217752	1.411342421	89.315768	681.4920573	7.368901984	343.5173659	7.368901984
-57.759427	-16.089752	6637	16916	26.48223939	9.967569455	55.18585281	166.7778981	35.72061925	17.65879915	18.0618201	27.11776305	24.52428018	28.40844259	24.52428018	1278.644539	215.1174057	1.616960131	86.22472216	621.7326427	8.433333423	336.3050752	8.433333423
-46.759481	-10.550958	5493	19232	24.23849103	8.378085799	54.06263363	156.9684879	32.95259987	17.45560086	15.49699901	24.11164668	22.62780393	26.48551605	22.62780393	1554.54213	339.6625457	1.645624526	107.0014753	903.4950822	7.571964466	193.0823043	7.571964466
-47.945861	-15.961995	6551	19038	21.65674719	8.326574805	50.04074566	239.9697742	29.90408492	13.26449513	16.63958979	23.15077009	18.29328115	23.74511001	18.29328115	1076.962163	200.6470719	4.224699098	96.94656021	591.5612153	13.53240044	224.156478	13.53240044
-57.558905	-25.287667	8545	16898	22.8046233	10.68119618	52.91130292	375.7945037	31.87543756	11.6884537	20.18698386	27.00473721	17.93948066	27.00473721	17.93948066	1297.281776	191.7328033	25.97102929	60.98194251	534.3527856	89.49716263	534.3527856	89.49716263
-47.537579	-10.723571	5491	19048	24.69814753	8.565570457	54.51831058	152.6520301	33.73543553	18.0240711	15.71136443	24.46740279	23.3421248	26.91798064	23.3421248	1674.699076	352.6897106	0.912494922	104.6639585	958.1732516	4.68228286	233.9169337	4.68228286
-53.332203	-7.739514	4844	17922	23.10398619	9.669651093	52.42282437	113.9359792	33.74353753	15.29803939	18.44549814	22.93619345	22.32340068	24.45485653	22.32340068	2499.402007	397.8203967	3.459910778	78.81152143	1143.76193	26.88866042	536.4152169	26.88866042
-57.848857	-21.700983	7803	16905	25.38973724	10.06539442	57.65020474	265.3391596	33.0016831	15.54225782	17.45942528	27.86862845	21.90289499	27.86862845	21.90289499	1204.723326	199.3379793	10.67028429	77.59874487	581.9630511	42.98199949	581.9630511	42.98199949
-55.786518	-19.25696	7277	17351	25.61061258	10.00603575	55.76631356	206.9779504	34.46339309	16.52059732	17.94279577	26.8887388	22.85908196	27.51976919	22.85908196	1348.97712	243.6397565	3.179635502	89.04747463	708.6527809	16.97114718	349.9953178	16.97114718
-57.472667	-22.261167	7910	17015	24.67546729	10.26132132	57.84999257	274.0500351	32.4093571	14.67154788	17.73780922	27.26435829	21.11489154	27.26435829	21.11489154	1229.158864	201.183829	12.44944101	76.06991898	587.4445009	48.80262075	587.4445009	48.80262075
-52.041223	-2.619515	3786	18155	24.16215162	7.160468073	62.88049574	51.05792618	31.25024114	19.86281808	11.38742306	24.05939102	24.84465433	24.84465433	23.6145921	2342.238947	400.6076146	51.79944018	61.52649728	1015.847626	261.2635856	261.2635856	303.8562705
-54.938104	-19.44762	7279	17569	24.73649857	10.10946136	56.12180539	208.5017159	33.67459023	15.6611616	18.01342863	26.00147056	21.98884341	26.65067569	21.98884341	1408.826409	257.2927072	2.876600979	90.3061144	746.9532271	15.83409021	363.6194349	15.83409021
-55.987959	-9.246651	5157	17371	23.6005803	10.0818166	54.10279151	127.1723663	34.03949133	15.40493234	18.63455899	23.27881333	23.21838333	24.97367855	22.93144599	2144.427694	338.9648222	1.779807107	77.8997327	972.8836323	18.93486128	532.8057574	619.8034427
-46.879674	-10.150329	5387	19233	24.45252103	8.234328822	54.35161424	152.4907689	33.15138623	18.00127719	15.15010904	24.16838209	23.06567905	26.71982426	23.06567905	1672.368479	365.9586507	1.475129167	107.3566047	970.5673605	7.139801362	197.9600435	7.139801362
-53.654706	-22.325011	7917	17782	22.29925762	10.83379413	56.80479351	292.7992035	30.97042397	11.8984523	19.07197167	25.01140226	18.44963415	25.01140226	18.44963415	1381.194961	247.1199638	9.879260353	83.10199241	711.9941689	42.281831	711.9941689	42.281831
-56.098521	-9.877939	5262	17260	23.82984309	10.07412679	53.26970683	141.1307375	34.37827345	15.4667243	18.91154915	23.57322905	23.30072852	25.29268943	23.15272535	2036.51088	322.5870425	1.635228538	78.125209	925.1583575	17.48043019	517.4367276	576.4353645
-57.323865	-17.8239	6956	17024	26.55491451	10.23473494	56.47196442	180.827753	35.62688515	17.50331703	18.12356812	27.44491902	24.34926898	28.47766945	24.34926898	1274.510982	216.4811842	2.278740621	87.35716698	643.1323689	12.07507997	331.4787642	12.07507997
-50.590142	-6.156548	4531	18465	23.44796375	8.66236849	53.37584461	100.2122809	32.87877605	16.64977105	16.229005	23.11610091	22.95483615	24.6530264	22.95483615	2844.732926	449.2867329	6.891761791	80.14133709	1280.005359	44.56957878	487.6467049	44.56957878
-57.501433	-22.174172	7909	16904	25.09036849	10.2626075	58.10467732	277.3962067	32.70358102	15.04130671	17.66227431	27.77306654	21.48125927	27.77306654	21.48125927	1204.216935	196.240146	12.35917138	75.22451484	569.3422985	48.52572305	569.3422985	48.52572305
-46.90673	-9.09273	5175	19235	25.21647559	7.822972332	55.29660364	141.904185	33.57233869	19.42504606	14.14729263	24.62698221	24.30325871	27.42373386	24.30325871	1956.278721	423.9734353	1.281445599	107.1081767	1118.691463	7.140598955	210.0312078	7.140598955
-50.365131	-5.964287	4426	18571	23.52768434	8.46085035	53.79055308	91.64854185	32.73925344	17.01000385	15.72924959	23.16703541	23.10953916	24.65184158	23.10953916	2938.400955	477.0049749	9.946449605	79.44745143	1278.949133	60.40976553	455.3597684	60.40976553
-57.516131	-19.203376	7273	16910	26.89734355	9.683190911	56.27230669	208.2920932	34.85750801	17.64977035	17.20773766	28.35041662	24.12849572	28.71056751	24.12849572	1213.46639	206.2199107	4.296567436	84.90312115	611.9107273	21.30412139	327.49715	21.30412139
-49.918828	-6.066049	4533	18673	23.9989973	8.287496636	53.6802224	119.8499521	33.3880143	17.94937365	15.43864065	23.33410687	23.95296121	25.35056353	23.33410687	2885.716007	487.2230327	6.035161042	84.29247054	1316.109521	39.14353139	436.1045185	1316.109521
-55.38963	-19.28515	7278	17461	25.16901676	10.14216165	56.0495131	207.6753801	34.15298656	16.05798253	18.09500403	26.44081108	22.41676243	27.07243621	22.41676243	1384.954577	252.3363009	2.966345516	89.82175071	732.26026	16.2444141	357.5811546	16.2444141
-55.553311	-20.510319	7595	17348	24.00790928	10.28498827	56.27074299	245.0344474	32.65343408	14.37575065	18.27768343	25.96519547	20.79303095	25.96519547	20.79303095	1343.846352	240.7979597	6.445760204	85.36448682	693.4008682	29.66895405	693.4008682	29.66895405
-57.836522	-16.566683	6743	16915	26.47828761	10.06556304	55.5279707	172.6357863	35.65861059	17.53159656	18.12701403	27.23880146	24.4030323	28.39766421	24.4030323	1272.435847	215.2244929	1.829185059	86.53670087	626.2922753	9.576760716	332.6177935	9.576760716
-53.856286	-3.209545	3889	17820	24.06780739	7.348402441	63.81793246	50.88295789	31.1059609	19.59132519	11.51463571	24.01534354	23.5486497	24.77356366	23.5486497	2153.902137	333.585227	47.0815349	57.74928237	871.6254806	241.161216	305.1015849	241.161216
-54.234301	-2.869641	3782	17711	24.33214036	7.479281384	63.7635934	58.50574554	31.80133841	20.07163344	11.72970497	24.22752925	25.15960276	25.15960276	23.7701412	1930.445926	333.3616036	43.37927882	58.46679498	789.5286224	256.591399	256.591399	269.014649
-56.16507	-15.698048	6534	17248	25.84003105	9.665788629	54.41066231	172.2372027	35.07254845	17.30803646	17.76451199	26.31210608	23.92084871	27.91733795	23.92084871	1354.536315	230.5828353	0.998108719	88.66436665	676.2851932	5.839748928	351.2783156	5.839748928
-58.534437	-17.000999	6847	16684	26.42916794	9.662297506	55.64079184	184.2264846	34.72053349	17.35504104	17.36549245	27.45739984	24.12887443	28.28645456	24.12887443	1217.688729	204.5739888	2.654907795	84.39145288	591.7229187	14.30764847	321.0885145	14.30764847
-51.85055	-6.561074	4635	18253	23.24221659	9.048001788	52.94338435	103.6762871	33.02914402	15.9391867	17.08995732	23.04655135	22.5119456	24.50084344	22.5119456	2728.005761	428.6446994	6.056853522	78.66193465	1237.980872	40.09159109	518.8969143	40.09159109
-52.70128	-17.288597	6859	18019	22.57280642	10.16838937	55.12480862	214.0106353	31.77818562	13.33206377	18.44612185	23.74449691	19.82054346	24.63397344	19.82054346	1502.463118	274.1377802	1.583714628	93.8943787	804.2635642	7.547905353	364.7522882	7.547905353
-49.363923	-8.015872	4958	18769	25.73636011	8.165723085	58.98131351	133.4274032	34.10486823	20.26027475	13.84459348	24.736586	25.98581132	27.4370212	24.736586	2405.466306	447.6732822	1.284880186	95.02110333	1245.792897	9.007041771	360.1226608	1245.792897
-49.374485	-7.999063	4852	18770	25.53037343	8.014220035	57.81826803	136.883287	34.00431997	20.14326825	13.86105172	24.49272253	25.89757443	27.17228719	24.49272253	2550.557432	462.9798311	1.817909717	93.04677115	1286.897723	12.77116638	376.7905176	1286.897723
-42.791832	-5.070148	4335	19957	26.86601569	7.350739106	58.83572896	151.9714095	34.59443158	22.10076619	12.49366539	25.52279723	26.73513831	29.05841298	25.52279723	2564.476789	579.6713154	2.879822692	108.1425035	1373.16605	43.04425339	88.17782189	1373.16605
-56.861843	-19.91042	7381	17128	26.24211421	9.651894367	55.80104742	214.7803182	34.41537581	17.11839876	17.29697705	27.74153664	23.36412317	28.07880444	23.36412317	1271.506957	224.2526004	4.606471098	86.31469509	655.4219274	22.54226523	341.0407255	22.54226523
-48.473096	-8.041978	4960	18961	26.00730375	7.936136588	57.78902267	141.9639026	34.41695256	20.68400429	13.73294827	24.90972439	26.15220787	27.93919014	24.90972439	2373.752705	463.4078389	1.274749399	99.15278393	1263.346728	8.132043474	307.2085935	1263.346728
-55.612633	-19.506732	7383	17350	25.05730706	10.14722193	56.24029622	218.7793138	33.89255361	15.84993539	18.04261822	26.54881585	22.17625795	26.93228763	22.17625795	1348.492272	244.1874844	4.014077999	88.1437674	706.6984289	20.63836448	355.2982689	20.63836448
-52.661709	-22.163207	7919	18009	22.46786561	11.0271075	57.78856573	283.1792564	31.24268894	12.16087343	19.08181551	25.06814487	18.73437145	25.06814487	18.73437145	1371.164164	251.1964035	9.007305191	84.58013594	719.4802105	39.83047533	719.4802105	39.83047533
-56.040396	-12.909859	5898	17254	23.84499694	10.74182265	53.97315597	167.1623317	34.59863644	14.69647868	19.90215776	23.96016023	22.77437452	25.63468493	22.77437452	1550.465299	266.6385341	0.774864381	85.85356554	747.5021435	5.878120245	389.7485366	5.878120245
-47.78639	-14.165708	6233	19041	23.05006668	8.379366065	51.23713582	202.8767244	31.45341915	15.09933157	16.35408758	23.93242208	20.24158224	25.1348619	20.24158224	1157.949021	228.3236071	2.786358985	101.210121	658.2511225	9.95038496	209.847718	9.95038496
-55.863286	-16.345835	6641	17357	25.43336395	9.877294065	55.11331771	177.0709537	34.81375336	16.89196154	17.92179182	25.99873516	23.38225646	27.50803993	23.38225646	1372.190927	236.2133064	1.048765889	89.91129899	699.9873813	6.038395554	350.4059743	6.038395554
-56.346685	-19.371646	7276	17241	26.09935868	9.836951876	55.57534552	205.5867069	34.73489881	17.03469059	17.70020822	27.38313634	23.34687777	28.00204103	23.34687777	1311.472002	233.8178367	3.37865373	88.22949469	683.6904711	17.70152668	342.7372413	17.70152668
-46.38608	-13.520258	6130	19317	23.62227929	8.174898248	51.47858891	207.4294234	31.3801232	15.49993219	15.88019101	24.75447421	20.63270158	25.38658294	20.63270158	1003.181158	203.2977123	4.165637276	101.2567322	571.8228552	15.0560509	163.8828708	15.0560509
-54.897491	-19.939134	7385	17568	24.25074063	10.30803605	56.16209039	221.1713615	33.24263486	14.88855299	18.35408187	25.73852108	21.36224909	26.13951051	21.36224909	1400.768779	254.7728786	3.610874416	89.21142077	738.6854061	19.24427349	366.7207803	19.24427349
-50.7125	-3.847	4001	18470	23.91238246	7.451159933	60.77464113	52.08343133	31.06225523	18.80194436	12.26031087	23.8432103	23.30869994	24.59690327	23.30869994	2852.333448	482.1579942	40.65901593	68.71704726	1270.344643	200.2623246	343.9191983	200.2623246
-50.518956	-6.729223	4637	18464	23.63937686	8.767188441	53.0707146	117.4585247	33.40264459	16.88282098	16.51982361	23.20151144	23.23777055	25.01295935	23.10526609	2771.03911	447.7561044	4.97488405	82.41022705	1280.773432	33.42905573	481.9846977	974.8519245
-56.194309	-2.503303	3778	17274	24.74968104	7.906425356	61.52212943	76.88942589	33.1281282	20.27677629	12.85135191	24.59533433	24.13026871	25.8436881	24.13026871	1981.90535	303.5312951	33.20077959	58.01007047	752.6479388	242.9276695	323.8546603	242.9276695
-51.059754	-6.531044	4636	18357	23.3905253	8.948336095	52.65078918	111.3636477	33.26309805	16.26746278	16.99563527	23.0985975	22.76601871	24.72688757	22.76601871	2754.877179	437.0875336	5.656198233	80.39695075	1262.251461	37.273145	502.9670596	37.273145
-57.84441	-21.09977	7697	16906	25.88635105	9.853438193	57.21386341	252.6029263	33.45385597	16.2317395	17.22211647	28.16204564	22.51334568	28.16204564	22.51334568	1206.304822	202.0390298	9.233122186	79.64822886	592.8927557	38.18641952	592.8927557	38.18641952
-57.182765	-15.076356	6426	17029	25.78690753	9.858939516	55.15436752	155.3824049	35.10033643	17.22516179	17.87517464	26.18419713	24.07355151	27.6797726	24.07355151	1337.001729	224.9869181	1.098473259	86.19353016	642.9429204	6.627510498	353.9102925	6.627510498
-55.724802	-15.43634	6429	17359	25.02506467	9.660286244	54.42049236	169.6182848	34.24612097	16.49492868	17.75119229	25.42633329	23.24029902	27.07886024	23.24029902	1396.609423	239.8219606	0.809428714	89.24014323	699.4065839	4.974524082	357.2298946	4.974524082
-56.916649	-19.478556	7275	17129	26.45759759	9.725582122	55.69805035	205.0284793	34.8544275	17.39316618	17.46126132	27.77135935	23.71941712	28.33832917	23.71941712	1275.265191	223.8346392	3.616916895	87.2893009	658.4728041	18.52493629	336.8384881	18.52493629
-53.343258	-18.252828	7070	17901	22.73134791	9.877474978	55.05325215	215.0597687	31.56812873	13.62645482	17.94167391	23.96022989	19.99657493	24.77237237	19.99657493	1485.733638	272.8940036	2.118045009	92.80408973	795.2612408	10.34041685	373.1407894	10.34041685
-54.61982	-20.579878	7597	17566	23.42532857	10.49114023	56.02566847	246.0935108	32.28744065	13.56184484	18.72559581	25.36074144	20.25270617	25.36074144	20.25270617	1382.752506	248.407638	5.75491694	86.5746812	718.9810296	27.63322952	718.9810296	27.63322952
-57.664447	-18.935597	7167	16911	26.72298862	9.976843803	56.6524315	199.6081746	35.06243726	17.45181837	17.61061889	28.01789896	24.13704772	28.5656784	24.13704772	1226.383279	206.6445804	3.575800644	85.52319863	617.3497161	18.3540453	326.8840942	18.3540453
-49.419486	-14.211836	6230	18757	24.06548047	8.892288247	53.11301451	191.6470242	32.96338646	16.22118433	16.74220213	24.65541635	21.589899	26.31087789	21.589899	1284.038463	252.1869851	1.386003061	101.0223154	724.6645825	4.845802717	245.9762984	4.845802717
-56.3503	-16.3811	6640	17247	25.9794358	9.929627324	55.18422478	173.0911006	35.36209533	17.36849777	17.99359756	26.5368918	23.94489836	28.01947951	23.94489836	1347.744481	230.602565	1.116064677	89.06103997	680.3303938	6.362564969	347.5919019	6.362564969
-50.586376	-13.233856	6015	18451	25.22207867	9.229361522	55.38658464	171.4810991	34.37904323	17.71551075	16.66353248	25.50409916	23.31450031	27.44094457	23.31450031	1417.527062	275.8100168	0.478646247	98.54907988	772.4114498	2.583764734	275.8052952	2.583764734
-54.352158	-9.776923	5266	17697	23.71516479	10.29037052	51.94225489	159.2517376	34.87443096	15.06325691	19.81117405	23.38983575	23.0462246	25.53583866	22.88876014	2079.853024	340.1017304	1.18009261	83.01545216	980.0291042	10.9189166	481.3690785	607.5359244
-56.214664	-2.497458	3672	17275	24.82180274	8.065479665	60.83829777	81.3871457	33.61568357	20.35844272	13.25724085	24.65485355	24.15494697	25.98560327	24.15494697	1873.921817	312.9615333	28.2519595	59.5742236	733.7745803	276.1728579	292.8483256	276.1728579
-57.36	-22.68	8016	17014	24.76368901	10.33290477	58.31143748	288.3654786	32.3305787	14.61037626	17.72020244	27.6188577	20.98007058	27.6188577	20.98007058	1229.165074	198.4393558	14.06820781	73.79074684	574.7947774	54.26010046	574.7947774	54.26010046
-51.1201	-16.4456	6650	18338	23.68368863	9.738238397	54.13386369	201.3875448	32.73156124	14.74238084	17.9891804	24.61586939	21.0204845	25.7721796	21.0204845	1401.805113	254.5197982	1.10280686	96.09441979	755.7166301	5.14619877	321.9455077	5.14619877
-55.931108	-9.597261	5263	17370	23.76927337	10.11003239	53.28807122	145.1117009	34.28866095	15.316249	18.97241195	23.48897565	23.25127319	25.28932573	23.0475189	2055.880772	327.5646746	1.495421594	79.24263329	941.9450427	15.64290391	511.8462867	586.4465386
-48.2959	-9.2219	5172	18959	25.78080761	8.332538418	56.72065144	134.0682425	34.69916103	20.00867669	14.69048434	25.01065393	25.33875629	27.79166891	24.98215132	2077.624318	417.8491714	0.93453397	101.4503996	1144.736466	5.42756996	281.8908977	645.5693849
-50.81978	-5.922444	4425	18466	23.38994725	8.509023001	54.54184987	81.91474389	32.3129441	16.7120376	15.6009065	23.14765647	22.84462993	24.41592784	22.84462993	2909.257754	460.7927152	10.8334917	77.1008863	1258.074987	65.11682424	479.3000523	65.11682424
-56.65	-18.983333	7169	17130	26.56360154	9.858578032	55.7921629	195.7719289	35.22857997	17.55839563	17.67018434	27.70484874	23.98034728	28.47634111	23.98034728	1282.309155	223.3538722	2.967862709	87.81831468	660.7285542	15.72174313	334.6046814	15.72174313
-57.20581	-18.625424	7168	17022	26.68268372	9.929368273	56.47296887	195.9505682	35.20171978	17.61920469	17.58251509	27.87354222	24.12779588	28.56242189	24.12779588	1252.349182	214.5609599	3.29773074	86.67932974	638.1990502	17.05937712	330.1567563	17.05937712
-59.945732	-15.007933	6421	16457	25.15685068	9.997477953	54.79466427	162.2388555	34.25474228	16.00939287	18.24534941	25.48098596	23.92734952	26.99056434	23.92734952	1246.458444	213.3947221	2.076545377	81.84451722	572.3909182	12.59349184	332.7265915	12.59349184
-46.814	-11.233	5599	19231	24.20312648	8.549741782	54.02676201	159.0887733	32.89900433	17.07399194	15.82501239	24.23200168	22.38653368	26.36614417	22.38653368	1446.569841	316.4079793	1.773987938	106.8045416	843.8854249	7.771542375	189.934807	7.771542375
-48.563071	-6.443599	4535	18872	25.01533814	7.582464712	55.16760197	137.891207	33.63544319	19.89102719	13.744416	23.9441706	25.62054288	26.39683575	23.9441706	2901.064464	525.7229798	4.679602782	89.18968992	1341.952039	31.51282534	377.4033445	1341.952039
-59.518056	-19.559722	7375	16448	26.74638593	9.614536259	55.89843588	251.1664951	33.94270185	16.74269239	17.20000946	28.99036963	23.41630376	28.99036963	23.41630376	1087.430037	176.6686174	6.942338286	78.26327882	519.9695629	31.78889438	519.9695629	31.78889438
-47.844	-7.936	4855	19054	25.93931042	7.626022695	57.47333339	150.2785027	34.20545588	20.93665408	13.2688018	24.72301297	26.21916097	27.91232022	24.72301297	2514.934233	493.8041883	1.66670094	99.73771893	1320.869789	10.34982053	292.3791385	1320.869789
-47.798	-12.472	5809	19045	24.38352255	8.817356917	54.08508422	166.2648072	33.33655208	17.03380051	16.30275157	24.55478219	22.43861749	26.56236185	22.43861749	1406.880054	298.8998225	1.25628612	104.9824337	815.6014497	5.448967173	216.5958944	5.448967173
-57.55	-22.733333	8015	16903	25.09517987	10.33454534	58.4323512	293.1485757	32.54375082	14.85740904	17.68634178	28.05632575	21.25070119	28.05632575	21.25070119	1206.95304	193.8479948	13.96460697	72.99073625	558.3381213	53.95653199	558.3381213	53.95653199
-51.456289	-13.653353	6120	18343	24.94262067	9.321490372	55.0946369	177.431362	34.09074089	17.1716887	16.91905219	25.35681382	22.86126905	27.15836693	22.86126905	1394.744241	266.6351555	0.489539902	97.52385469	752.9920648	2.685660153	284.0449845	2.685660153
-56.416769	-14.833113	6322	17250	24.95037434	9.779130101	55.03798975	152.743228	34.14060326	16.37263945	17.76796381	25.23141836	23.39087656	26.83581497	23.39087656	1409.204452	241.3148608	0.836315698	87.85942249	691.1243111	5.204444648	364.6436551	5.204444648
-56.425781	-17.66496	6958	17244	26.59083804	9.915755397	55.00179569	183.9515383	35.69995293	17.67189535	18.02805758	27.4111523	24.22663104	28.593758	24.22663104	1320.096606	228.333559	1.881685234	89.27723846	679.8592321	10.12259576	337.9384228	10.12259576
-54.96417	-8.746311	5053	17590	23.24762696	9.979841793	53.58759351	122.4937116	33.78334496	15.15992648	18.62341848	22.97033834	22.70648509	24.65498558	22.65869882	2268.530896	359.5022329	2.121571362	78.49983337	1034.120917	20.13385153	535.624477	678.6516504
-56.667438	-21.008641	7699	17125	24.75847081	10.02248299	57.08784402	250.8964782	32.74515161	15.18890445	17.55624716	26.93016674	21.40895973	26.93016674	21.40895973	1271.658531	220.6142548	8.833054551	81.72271629	638.5720462	37.07281953	638.5720462	37.07281953
-52.888398	-18.260979	7071	18017	22.12505185	9.97153922	54.51871569	232.715898	31.03244873	12.74232745	18.29012128	23.55268373	19.12057188	24.23943232	19.12057188	1474.267458	267.8274909	2.244747409	92.77412987	787.0144141	10.43259771	370.1810159	10.43259771
-56.55632	-15.736433	6533	17136	26.09097168	9.820955047	54.80503182	166.8193171	35.40845152	17.48864613	17.91980539	26.57886086	24.18705105	28.09681872	24.18705105	1332.612756	225.9769338	1.094064609	87.7532451	657.2714857	6.315352792	348.7000995	6.315352792
-48.306885	-10.206813	5384	18957	25.22946157	8.601418832	55.53108816	143.3804963	34.32473161	18.83535599	15.48937562	24.807499	24.23105376	27.36890647	24.23105376	1819.550131	372.5866673	0.796196407	102.7321768	1021.267032	4.195542701	261.8225269	4.195542701
-55.838013	-18.994609	7171	17352	26.02990722	9.920979613	55.30483928	197.6813293	34.9559284	17.01720958	17.93871882	27.11629206	23.40822099	27.98331593	23.40822099	1346.598222	241.4706558	2.552748846	89.70265312	707.1409539	14.04239227	345.6307051	14.04239227
-55.892644	-15.696177	6535	17358	25.23613665	9.72423857	54.53771513	175.1375866	34.52070725	16.69040661	17.83030064	25.72812668	23.30530397	27.32175956	23.30530397	1379.876218	237.1729643	0.92460634	89.62875836	698.0783788	5.497904187	352.9305683	5.497904187
-57.4334	-21.0334	7698	17017	25.41732265	9.93215311	57.36132936	249.4584042	33.16199256	15.84692469	17.31506787	27.61095701	22.08282923	27.61095701	22.08282923	1233.756117	210.1837826	9.100489284	80.65207954	613.234779	37.74056982	613.234779	37.74056982
-55.690513	-5.979893	4415	17378	23.84786352	8.44726276	57.97725581	76.78813932	31.78415609	17.21419647	14.56995962	23.7465513	23.05805316	24.85156997	23.05805316	2361.263536	355.1648977	15.29750355	66.12903452	997.966121	88.23077596	475.1764138	88.23077596
-54.363849	-21.927788	7810	17673	22.78956984	10.55847453	56.37709514	272.5253263	31.36631927	12.63801392	18.72830535	25.19985195	19.22908649	25.19985195	19.22908649	1376.344264	245.2906385	8.290731894	84.1806907	709.3068067	36.70171567	709.3068067	36.70171567
-55.26	-24.11	8338	17451	22.04112442	10.66978301	58.18942839	317.6267828	29.96466803	11.62837687	18.33629116	25.31844497	17.9156019	25.31844497	17.9156019	1373.831764	217.2730961	23.08895322	68.48095607	625.1270843	83.55802754	625.1270843	83.55802754
-46.957778	-22.431944	7931	19209	18.09264364	10.01304423	57.17826859	304.046338	26.0219325	8.509957276	17.51197522	21.19119894	13.93839424	21.19119894	13.93839424	1385.931844	245.029599	16.73502898	78.39332351	691.0472547	62.43223099	691.0472547	62.43223099
-61.008	-13.535	6100	16089	24.38047163	10.78593953	54.78636081	163.9398126	34.37460769	14.68733631	19.68727138	24.57124292	23.37776244	26.17770829	23.37776244	1333.516183	224.4696457	2.395289144	78.13224658	595.5306521	17.78869461	358.5772661	17.78869461
-57.475161	-15.642929	6532	17028	26.34598937	9.907892427	55.11320771	163.1535665	35.67864687	17.70130017	17.9773467	26.84586698	24.46531659	28.30568133	24.46531659	1306.871517	219.5872367	1.223445269	86.58980364	634.0774372	6.986297184	345.1666208	6.986297184
-48.58	-12.05	5807	18860	24.9377957	8.83470592	54.71957959	161.8161125	33.98054074	17.83512079	16.14541995	25.00360871	23.23261723	27.13832377	23.23261723	1485.388996	307.7112175	0.775365951	103.0744909	845.6045936	3.381748299	244.6742466	3.381748299
-54.7	-2.43	3675	17603	24.51054691	7.598194293	63.82446147	65.17199083	32.326975	20.42214397	11.90483103	24.3871004	25.42965977	25.42965977	23.89866653	1740.421242	323.4462746	35.01174817	60.63646193	709.8367427	218.4455501	218.4455501	297.5975358
-47.87	-12.55	5915	19044	24.12704211	8.757484508	53.47250293	174.4112378	33.01933282	16.64178543	16.37754739	24.44622686	21.97289122	26.30842528	21.97289122	1336.722149	281.9209478	1.50378244	104.6364519	775.600955	6.17198737	212.9296606	6.17198737
-46.95	-12.93	5917	19228	23.99225105	8.714581933	53.34020817	178.3812272	32.55018597	16.21245083	16.33773514	24.52229238	21.57309639	25.98217358	21.57309639	1200.178201	255.9549595	2.649593489	104.8298205	698.6462652	10.34244065	180.5082285	10.34244065
-54.75	-18.5	7173	17570	25.07540406	9.969888272	55.86170203	200.2986922	34.01652255	16.16907446	17.84744809	26.15245689	22.46312702	27.04514346	22.46312702	1411.330077	257.7920363	2.354741829	91.11124633	750.4035098	13.13375144	359.8763736	13.13375144
-53.48	-1.8	3572	17934	24.00632851	7.270967119	65.09656141	55.40856381	31.39810638	20.2285961	11.16951028	23.93201638	24.72510005	24.72510005	23.43712948	1851.194596	370.3430162	37.85761402	64.4449576	778.9504026	174.3394513	174.3394513	376.2119277
-53.2	-10.333333	5374	17917	24.01874745	10.32782829	52.23500006	168.7398769	35.14629787	15.37444321	19.77185466	23.67902412	23.21940451	26.07493357	23.10162761	1978.981348	338.745108	0.807240567	87.15141062	964.3737022	6.811025316	434.0222664	573.7743543
-40.8	-18.7	7201	20254	22.51989511	4.781943381	46.52957834	215.9932158	27.83637043	17.55915849	10.27721194	24.8115305	19.75039964	24.8115305	19.75039964	907.5285271	116.393634	41.41873359	36.6040929	306.8735921	143.7624907	306.8735921	143.7624907
-40.066667	-5.433333	4340	20355	24.42442177	7.329033056	61.86165322	102.6876429	31.25489351	19.40743604	11.84745747	24.03917551	25.82458756	25.82458756	23.34579606	1642.968195	380.947598	6.97367735	103.7344177	909.2160199	54.07799316	54.07799316	61.28998129
