"x"	"y"	"bio.1"	"bio.2"	"bio.4"	"bio.12"	"bio.15"
-88.25	0.75	NA	NA	NA	NA	NA
-81.25	10.25	NA	NA	NA	NA	NA
-56.25	-31.75	16.93599455	10.32136597	459.7191888	1328.262776	23.31035044
-35.75	-11.75	NA	NA	NA	NA	NA
-77.25	-36.25	NA	NA	NA	NA	NA
-89.75	-44.25	NA	NA	NA	NA	NA
-69.25	-34.25	7.7728008	11.03083681	600.3256189	724.3189936	41.63114413
-48.75	8.75	NA	NA	NA	NA	NA
-77.75	8.25	24.98469428	6.319944138	42.87974475	3012.662946	83.11451007
-41.25	-51.75	NA	NA	NA	NA	NA
-87.75	-41.75	NA	NA	NA	NA	NA
-39.25	-2.75	NA	NA	NA	NA	NA
-58.75	-53.75	NA	NA	NA	NA	NA
-72.75	2.25	22.69065173	7.395447039	40.86597759	2598.753221	43.55292983
-45.25	2.75	NA	NA	NA	NA	NA
-80.75	-53.25	NA	NA	NA	NA	NA
-44.75	1.75	NA	NA	NA	NA	NA
-46.75	-33.75	NA	NA	NA	NA	NA
-48.25	-24.75	20.18455565	6.374639843	247.4732477	1449.426738	57.3325668
-50.75	-32.25	NA	NA	NA	NA	NA
-85.75	-38.75	NA	NA	NA	NA	NA
-49.75	-0.25	25.25153156	4.804900408	26.94994852	2038.435863	72.43877282
-50.25	4.25	NA	NA	NA	NA	NA
-73.75	13.25	NA	NA	NA	NA	NA
-88.75	-38.25	NA	NA	NA	NA	NA
-31.25	13.25	NA	NA	NA	NA	NA
-83.25	-54.25	NA	NA	NA	NA	NA
-69.25	-32.25	9.47693411	11.63111362	563.4587256	762.518893	64.62906436
-55.75	-25.25	22.05820594	10.74790309	335.1598429	1392.077134	60.92936313
-44.25	-4.75	27.00232906	7.00318861	153.3480411	2937.298824	99.51926058
-49.25	4.25	NA	NA	NA	NA	NA
-57.75	-17.75	26.52247158	10.20893712	183.3824473	1251.225209	86.36220917
-48.75	10.25	NA	NA	NA	NA	NA
-47.25	-2.75	24.17212479	7.80384717	69.93389415	2508.734996	81.6444271
-49.25	-44.75	NA	NA	NA	NA	NA
-66.75	-28.25	13.02900616	9.69851713	380.2972359	1532.231163	97.99818665
-61.25	10.75	NA	NA	NA	NA	NA
-34.25	-38.25	NA	NA	NA	NA	NA
-47.25	-29.75	NA	NA	NA	NA	NA
-51.75	-38.25	NA	NA	NA	NA	NA
-31.75	-42.25	NA	NA	NA	NA	NA
-50.75	13.25	NA	NA	NA	NA	NA
-84.75	-42.75	NA	NA	NA	NA	NA
-61.25	2.75	25.47047528	8.284363203	98.27899895	1502.915153	85.76231595
-61.25	-48.75	NA	NA	NA	NA	NA
-43.75	-14.75	23.26635388	8.214001881	252.1602314	638.6469529	83.49211408
-84.75	-18.75	NA	NA	NA	NA	NA
-32.75	9.75	NA	NA	NA	NA	NA
-55.75	-21.25	23.56686794	10.31502905	258.1367556	1340.408753	83.34923607
-89.25	-23.75	NA	NA	NA	NA	NA
-80.25	-16.75	NA	NA	NA	NA	NA
-66.25	-12.25	25.93265019	10.61430707	121.4721579	1192.878664	64.86297333
-66.75	9.75	26.68014207	8.024042584	73.10955768	547.5756714	84.92248307
-45.25	1.25	NA	NA	NA	NA	NA
-55.75	-36.25	NA	NA	NA	NA	NA
-79.75	-12.75	NA	NA	NA	NA	NA
-66.75	-55.25	4.084182363	2.980395804	223.6184608	974.7745167	5.079237443
-44.75	-45.25	NA	NA	NA	NA	NA
-70.25	-10.25	24.66709663	10.66287522	98.82453015	1328.66301	56.83740732
-87.75	-38.75	NA	NA	NA	NA	NA
-68.25	-18.25	5.359255504	12.17353478	246.2767988	1373.774562	81.75028039
-47.75	-0.25	NA	NA	NA	NA	NA
-33.25	-31.75	NA	NA	NA	NA	NA
-32.25	-38.75	NA	NA	NA	NA	NA
-87.25	3.75	NA	NA	NA	NA	NA
-58.75	10.25	NA	NA	NA	NA	NA
-39.25	-1.75	NA	NA	NA	NA	NA
-63.25	3.75	21.16129739	9.122224677	70.32525895	1432.935916	79.28315703
-39.25	-46.75	NA	NA	NA	NA	NA
-56.25	-10.25	23.86503374	10.20434453	152.8847146	1941.903651	79.76197939
-84.25	4.75	NA	NA	NA	NA	NA
-42.75	-24.25	NA	NA	NA	NA	NA
-35.75	-27.75	NA	NA	NA	NA	NA
-71.75	-19.25	NA	NA	NA	NA	NA
-38.75	-35.75	NA	NA	NA	NA	NA
-46.75	8.75	NA	NA	NA	NA	NA
-74.25	-19.25	NA	NA	NA	NA	NA
-63.25	-54.25	NA	NA	NA	NA	NA
-79.25	-11.25	NA	NA	NA	NA	NA
-69.75	-15.25	4.038947488	8.56665791	180.8796061	2884.155183	56.0620156
-86.25	1.25	NA	NA	NA	NA	NA
-79.25	-3.75	20.91280289	8.383220916	70.74931659	1641.547435	69.09607795
-81.75	9.75	NA	NA	NA	NA	NA
-47.75	-34.75	NA	NA	NA	NA	NA
-65.25	-12.25	25.90933322	10.55169945	131.7522686	1206.694956	66.78611055
-78.25	-27.25	NA	NA	NA	NA	NA
-82.75	-39.25	NA	NA	NA	NA	NA
-84.75	-1.75	NA	NA	NA	NA	NA
-75.25	-47.75	NA	NA	NA	NA	NA
-63.75	-8.25	24.63207901	9.45255642	99.98309305	1685.885495	61.63356927
-57.75	-49.75	NA	NA	NA	NA	NA
-64.75	-55.25	NA	NA	NA	NA	NA
-77.25	-2.25	19.35948542	7.165326397	50.3117655	1586.45248	39.45621507
-69.25	-47.25	5.814753535	7.274287718	472.0789061	502.2009198	18.27649952
-67.75	12.75	NA	NA	NA	NA	NA
-49.25	-27.75	18.91238079	5.12771033	257.6302093	1619.909462	32.66528048
-76.25	-0.25	19.84528355	6.926133446	45.0134529	2059.511427	28.52123398
-38.75	-21.25	NA	NA	NA	NA	NA
-87.75	-46.75	NA	NA	NA	NA	NA
-38.25	-3.75	NA	NA	NA	NA	NA
-41.75	-27.25	NA	NA	NA	NA	NA
-68.25	-35.75	11.56352615	10.74567286	621.5368449	665.9711345	47.26734932
-68.25	-34.25	12.03704994	11.41522696	600.9763345	796.3903881	59.97994141
-62.25	-50.75	NA	NA	NA	NA	NA
-37.25	-20.75	NA	NA	NA	NA	NA
-82.75	-50.25	NA	NA	NA	NA	NA
-85.25	-16.25	NA	NA	NA	NA	NA
-89.25	-3.75	NA	NA	NA	NA	NA
-43.75	-16.25	22.65851093	8.024266617	268.6463409	648.021463	80.81739629
-67.75	7.75	27.9483098	8.167931095	84.24876576	1272.287434	96.38703801
-78.25	-39.75	NA	NA	NA	NA	NA
-80.75	-39.25	NA	NA	NA	NA	NA
-73.25	0.75	23.01161661	7.264586668	36.76571062	2568.272124	31.93121674
-31.25	-45.75	NA	NA	NA	NA	NA
-35.75	-16.75	NA	NA	NA	NA	NA
-76.25	8.25	25.39999017	8.906749038	98.74432044	2745.718308	84.42088314
-54.25	-5.25	23.47782225	7.976660218	63.6221196	2478.118705	64.77737191
-71.75	-54.75	NA	NA	NA	NA	NA
-44.25	2.25	NA	NA	NA	NA	NA
-66.75	-10.75	25.2980069	10.63003603	118.3728763	1290.636451	61.68519301
-36.25	-47.75	NA	NA	NA	NA	NA
-41.25	-11.75	21.99297387	7.663473485	219.479008	735.7837972	61.73520856
-89.25	-37.75	NA	NA	NA	NA	NA
