"x"	"y"	"bio.1"	"bio.2"	"bio.3"	"bio.4"	"bio.5"	"bio.6"	"bio.7"	"bio.8"	"bio.9"	"bio.10"	"bio.11"	"bio.12"	"bio.13"	"bio.14"	"bio.15"	"bio.16"	"bio.17"	"bio.18"	"bio.19"
-53.75	-8.75	23.21328015	10.05546398	52.08978256	136.3161213	34.34818568	15.04408518	19.3041005	22.98351731	22.43687615	24.80451546	22.43687615	2292.174956	368.3058369	1.899486788	81.0494347	1063.428593	16.4917387	516.1000563	16.4917387
-58.25	-6.75	24.35450131	9.092729225	55.67281259	91.39884451	33.22412513	16.89168421	16.33244092	24.1229035	23.67478481	25.53089861	23.67478481	2202.374959	337.9385438	10.30506088	65.84428939	935.1197913	69.96986166	492.6431271	69.96986166
-45.25	-6.25	24.80928064	7.156056198	55.21257522	159.7325516	33.11989837	20.1589811	12.96091727	23.71763058	24.85355535	26.91578261	23.71763058	3145.279701	669.3960344	2.543448735	102.8873049	1545.853451	27.46916995	215.7682257	1545.853451
-40.25	-17.25	23.32675452	6.786541133	53.00456518	239.8080829	29.99277196	17.18908022	12.80369174	23.92180176	23.37767372	25.85770753	20.14983506	825.6164726	105.5090666	38.43308213	32.78826857	273.1037261	142.1800688	253.4647994	156.8678782
-38.75	-6.25	23.56171341	7.213636113	60.25841818	115.2343929	30.29402003	18.32285263	11.9711674	23.52004027	24.73796951	24.73796951	21.98714892	1511.587528	308.8693828	12.13446775	97.71718448	744.7300028	57.17826978	57.17826978	80.44426626
-44.75	-9.75	24.31037929	8.223552555	55.10108076	153.2738197	32.59265643	17.66817139	14.92448504	24.33272449	22.62988123	26.37191886	22.62988123	1519.949562	357.4875486	3.264491563	111.8558963	889.8984427	15.24037762	123.105233	15.24037762
-55.25	-18.25	26.0028815	9.933106637	55.50689724	191.9002385	35.04189855	17.14663304	17.89526551	26.90263816	23.514926	28.0191621	23.514926	1376.230812	247.0768675	1.983676332	90.91335679	726.1374609	10.99964977	349.2182718	10.99964977
-57.25	-7.25	23.97451336	9.242686642	54.61186202	87.90189375	33.17962522	16.25530457	16.92432065	23.81379164	23.27059919	25.06971034	23.27059919	2243.961724	343.3978082	7.260811232	68.43742224	963.0846308	55.97868301	519.6135872	55.97868301
-43.25	-10.25	23.75461395	8.622583776	59.1664184	166.6609503	31.57566347	17.00222129	14.57344218	24.50549198	21.52341659	25.28354227	21.52341659	1097.340677	265.6527009	6.368513047	109.1536708	631.956561	30.68597813	82.45900501	30.68597813
-56.25	-1.75	24.57171587	8.3783443	60.42574913	87.57832589	33.85851816	19.99299821	13.86551995	24.41898789	25.81272175	25.81272175	23.83540463	1767.102016	317.1065797	23.96646111	62.31607787	707.8467513	266.1838898	266.1838898	305.2055335
-47.25	-13.25	23.68637079	8.522196753	52.39101894	185.3171714	32.21474655	15.9482243	16.26652225	24.29519767	21.18068134	25.74198533	21.18068134	1211.589408	251.4760917	2.278661191	103.7347173	700.0468341	8.737820742	196.9167243	8.737820742
-46.25	-16.75	22.25377039	8.08632009	51.18590723	244.3566537	29.64059243	13.84265013	15.7979423	24.11103025	18.79358497	24.11103025	18.79358497	895.5095647	171.4572092	6.155570188	92.99607582	476.771886	19.25770441	476.771886	19.25770441
-59.75	-25.75	22.60966217	10.89096742	51.1574285	388.1720494	32.69211072	11.40298861	21.28912211	27.13641753	17.71844888	27.13641753	17.71844888	1188.681969	176.6637963	21.69854977	58.4054633	458.22712	75.22510675	458.22712	75.22510675
-54.75	-2.75	24.46657141	7.514484798	63.62693427	61.19183779	32.0137552	20.2035291	11.8102261	24.35697463	23.89571763	25.33727881	23.89571763	1888.05399	319.3889919	40.65669678	57.89961049	756.6810506	261.3608581	263.177244	261.3608581
-54.25	-2.75	24.33214036	7.479281384	63.7635934	58.50574554	31.80133841	20.07163344	11.72970497	24.22752925	25.15960276	25.15960276	23.7701412	1930.445926	333.3616036	43.37927882	58.46679498	789.5286224	256.591399	256.591399	269.014649
-54.25	-13.25	24.2696088	10.49704126	55.21779721	169.6484643	34.63465177	15.62440183	19.01024994	24.35331317	22.88610547	26.39052147	22.88610547	1511.391989	268.9729857	0.521988786	90.53483125	760.5443498	3.623685208	355.0920475	3.623685208
-56.75	-0.25	24.26052938	8.705851408	59.74676249	102.898135	34.14275869	19.57150655	14.57125214	24.16585769	25.68953165	25.68953165	23.43873756	1652.048758	332.4097695	16.33632368	71.44345054	661.3408357	251.0531573	251.0531573	399.4505944
-56.75	-8.75	23.67563636	9.991796283	53.40586271	102.6901913	34.2042735	15.49509856	18.70917494	23.41860948	23.28751928	24.80852283	23.18789387	2179.929974	335.9077926	2.938329554	73.60020039	958.6372999	30.61351455	551.9202468	638.7589124
-57.75	-17.25	26.48767305	10.17585466	56.10007787	177.0844364	35.53189094	17.39313775	18.13875319	27.33934919	24.37102719	28.39217122	24.37102719	1261.835428	213.5211144	2.089552395	86.56035335	625.9816762	11.06364333	329.7035245	11.06364333
-49.75	-14.75	23.90301949	9.056034989	53.00432224	199.2394968	32.91300374	15.82753862	17.08546512	24.61279693	21.3127813	26.16896249	21.3127813	1293.892032	248.3305978	1.177739262	99.76880713	721.1700321	4.468899864	262.404807	4.468899864
-55.25	-7.25	23.35383268	9.303557861	54.09082877	87.91125937	32.93241319	15.73253278	17.19988041	23.25728448	22.58697936	24.42647388	22.58697936	2424.325916	377.4869209	5.724470298	72.73632916	1069.914535	44.16266544	543.8680757	44.16266544
-49.75	-18.25	22.58287254	9.847487228	53.12549332	253.113886	31.57127968	13.03500526	18.53627442	24.28925353	19.13468821	24.72892372	19.13468821	1273.314915	241.2641569	2.512806837	94.28924611	685.0507369	10.05522541	316.3645691	10.05522541
-62.25	-13.25	24.92506612	10.86074564	55.61346973	155.7418727	34.87082212	15.34183806	19.52898406	25.06319504	24.07299005	26.65626974	23.90780965	1306.83224	216.4342802	2.781612529	75.39720501	565.4722817	21.42295785	357.3392182	362.5977819
-57.25	-16.75	26.4414219	10.1384886	55.56578931	173.1624804	35.80043974	17.5545213	18.24591844	27.15671881	24.35401075	28.39571066	24.35401075	1295.761627	220.4605723	1.658570577	87.47935261	645.2937433	8.611786596	336.7509495	8.611786596
-53.75	-24.75	20.14927108	10.55113309	58.20502445	309.0424123	28.21608368	10.08855399	18.12752969	23.41131796	16.14125914	23.41131796	16.14125914	1454.443883	238.7665527	28.14398027	67.05898766	668.4881911	101.1181663	668.4881911	101.1181663
-54.75	-0.25	23.97218253	8.387831588	60.32371782	102.216486	33.54858081	19.64388148	13.90469933	23.97552673	25.38780366	25.38780366	22.97887773	1406.768825	295.759682	21.67374223	73.70599342	538.8513293	128.9559813	128.9559813	392.9650409
-62.75	-12.25	25.22357315	10.58911041	55.49110705	150.4898964	35.05866741	15.97613153	19.08253588	25.15851308	24.63862574	26.90345919	24.19369458	1323.919911	214.4548685	2.993259934	72.94841609	555.5090779	24.39614657	358.1671991	385.8474871
-53.75	-0.25	23.63612307	7.894285254	61.70703751	73.49475787	32.27043938	19.47727093	12.79316845	23.69405754	24.58767517	24.58767517	22.88324765	1497.454776	305.1194958	25.2349733	71.2712577	558.8070668	120.2906106	120.2906106	428.7061831
-59.25	-22.25	25.62173281	10.20507488	56.59518543	302.3058689	33.16646565	15.13476419	18.03170146	28.79076355	21.67779009	28.79076355	21.67779009	1132.20045	177.0713074	11.79958114	72.37143296	516.7406233	47.00908898	516.7406233	47.00908898
-59.75	-18.25	25.65715136	9.842161031	57.17884792	208.9430997	33.34267817	16.12973774	17.21294043	27.21181733	22.99036204	27.35203931	22.99036204	1138.332033	188.622415	4.603672166	81.03552101	548.8367738	23.63243417	306.457883	23.63243417
-61.25	-15.25	24.89612581	10.68905798	56.02220813	165.3759163	34.37751981	15.29748292	19.08003689	25.32863668	23.66439386	26.72730556	23.66439386	1221.240975	203.4392144	2.811731495	78.93779817	551.1583391	18.10050337	335.7549539	18.10050337
-57.25	-27.75	20.70609935	10.66093595	50.20467645	414.7502351	30.97104977	9.736103737	21.23494603	25.53286119	15.42199569	25.53286119	15.42199569	1397.306952	182.8431001	43.9347661	45.88864747	509.0465087	142.9183056	509.0465087	142.9183056
-52.25	-8.75	23.47395957	10.00239536	51.82867188	149.03543	34.74063471	15.44167334	19.29896137	23.20597567	22.55579739	25.30956094	22.55579739	2327.341504	385.6840081	1.668308905	84.96289947	1115.29542	12.98113595	480.9923816	12.98113595
-52.25	-7.75	23.41404361	9.616083168	52.38687522	128.8580926	34.11586716	15.75996575	18.35590141	23.07602658	22.78015959	24.97507569	22.78015959	2536.749838	411.6901079	3.087899526	81.62172107	1186.018396	22.93632664	515.0577589	22.93632664
-59.75	-14.25	23.8257441	10.47767453	53.88586552	173.5170295	33.7982042	14.35400593	19.44419827	24.08035824	22.67042862	25.68733982	22.67042862	1344.871402	228.3007424	1.827408164	81.37789848	618.6679555	12.50541845	353.8354219	12.50541845
-46.75	-10.75	24.23849103	8.378085799	54.06263363	156.9684879	32.95259987	17.45560086	15.49699901	24.11164668	22.62780393	26.48551605	22.62780393	1554.54213	339.6625457	1.645624526	107.0014753	903.4950822	7.571964466	193.0823043	7.571964466
-52.25	-7.25	23.23864135	9.383210939	52.46600105	113.0592766	33.58957247	15.70520783	17.88436464	23.01663788	22.51538987	24.60117667	22.51538987	2624.487606	419.9062564	4.57603169	79.49721931	1207.917294	31.81643891	525.3610388	31.81643891
-57.75	-18.75	26.72298862	9.976843803	56.6524315	199.6081746	35.06243726	17.45181837	17.61061889	28.01789896	24.13704772	28.5656784	24.13704772	1226.383279	206.6445804	3.575800644	85.52319863	617.3497161	18.3540453	326.8840942	18.3540453
-47.75	-3.75	23.90625267	8.052588359	59.56503772	74.07765295	31.87590721	18.35692247	13.51898474	23.76083616	23.01950072	24.86015798	23.01950072	2775.818896	566.0035014	26.97407757	81.63206789	1432.132453	170.9877521	238.4764218	170.9877521
-49.25	-23.75	18.0561666	9.714527464	56.14568218	299.9772122	26.03340413	8.731045184	17.30235895	21.27861809	14.06669052	21.27861809	14.06669052	1484.617193	258.9822153	23.68512154	72.16377698	728.4766947	92.24608965	728.4766947	92.24608965
-51.25	-0.25	24.32373592	6.899149174	68.28452586	31.70231241	30.72681317	20.6232808	10.10353237	24.42199143	24.59832635	24.59832635	24.00665405	1932.958909	382.2766055	32.23367566	68.13342709	756.9667577	129.7443036	129.7443036	500.7498542
-40.25	-5.75	24.21689346	7.307373873	59.05466208	114.3889045	31.37788674	19.00397143	12.37391531	23.84035298	25.7358665	25.7358665	22.95742002	1707.63345	376.1003645	7.147881723	105.3170792	904.5837922	52.45632424	52.45632424	57.57639703
-47.75	-9.25	25.71528057	8.26593061	56.49010757	136.3609695	34.69900716	20.06647951	14.63252765	24.97303177	25.12349836	27.79300116	24.97159098	2044.606198	421.3614141	0.971254337	103.4550782	1142.665039	5.707395108	256.7594895	639.4742747
-49.75	-17.75	22.48512479	9.768265863	52.96594818	248.4090167	31.50634269	13.06380329	18.4425394	24.10251423	19.09578937	24.6423215	19.09578937	1278.804012	240.6596878	2.289604688	94.83164244	688.2451965	9.152817928	312.7708378	9.152817928
-46.25	-10.75	23.9947386	8.303831113	54.02588363	160.2428687	32.52156304	17.15146531	15.37009773	23.95491658	22.25017521	26.24038741	22.25017521	1472.692534	326.997327	2.13118199	107.8853414	859.8326783	9.315172442	173.0036374	9.315172442
-56.25	-7.75	23.31305032	9.484085042	53.66929034	91.37578097	33.18690364	15.51555941	17.67134423	23.20538424	22.58455544	24.38721656	22.58455544	2317.328595	358.1849707	4.759473227	71.89142	1014.735631	41.50371162	549.9966238	41.50371162
-56.25	-3.25	24.54868036	7.861159855	61.63768149	74.48066055	32.6019287	19.84810723	12.75382147	24.4147965	23.9556274	25.59121969	23.9556274	2081.354099	292.1631074	34.57793553	58.07434787	766.9661479	211.4086584	353.6817468	211.4086584
-51.25	-6.75	23.3905253	8.948336095	52.65078918	111.3636477	33.26309805	16.26746278	16.99563527	23.0985975	22.76601871	24.72688757	22.76601871	2754.877179	437.0875336	5.656198233	80.39695075	1262.251461	37.273145	502.9670596	37.273145
-50.25	-13.75	25.08559176	9.220458857	54.99363418	178.1537661	34.27839692	17.51198569	16.76641123	25.43620281	22.99207054	27.35777421	22.99207054	1352.000307	264.2520219	0.622869161	99.68948029	747.6044003	2.87292326	262.4938141	2.87292326
-51.75	-5.75	23.2150743	8.460577201	55.10465923	71.08959356	31.76653102	16.41287977	15.35365125	23.11593344	22.52451223	24.10207354	22.52451223	2826.173493	427.4748811	12.84465325	73.04474881	1207.764618	74.6456747	510.8153384	74.6456747
-57.25	-11.25	23.71959373	10.61944063	53.35166501	158.4038156	34.60286212	14.69825253	19.90460959	23.76030322	22.68673444	25.37996178	22.68673444	1728.822565	279.740733	1.259155732	80.0196717	795.5296323	12.57733078	449.2157543	12.57733078
-53.25	-23.25	21.62731656	10.99966487	58.63863076	303.9744154	30.01268567	11.25429257	18.7583931	24.59427215	17.6162165	24.59427215	17.6162165	1393.006071	246.5723413	15.38217545	78.3481236	701.2720671	60.60369641	701.2720671	60.60369641
-42.75	-10.25	23.57568089	8.608886965	59.52321586	169.668674	31.37536196	16.91228761	14.46307435	24.54980773	21.24988006	24.85854782	21.24988006	1017.832964	245.4490443	7.750724608	106.7934608	573.8994147	37.10146432	74.05727248	37.10146432
-52.25	-18.75	22.52772373	9.805911638	54.08569428	239.2969298	31.21367824	13.08335419	18.13032405	24.09187477	19.371912	24.6288966	19.371912	1415.279902	258.2492136	2.473442471	92.12846217	752.2799114	11.86186906	361.0628458	11.86186906
-39.25	-17.75	24.47282938	3.277133236	40.86409041	179.6326271	28.43270275	20.41311097	8.01959178	25.43413535	23.9320126	26.29314469	22.23202487	747.5684497	97.58327981	33.55323879	34.54906137	262.4344273	121.5929582	218.0190022	145.522062
-50.25	-21.75	22.09663181	10.82537399	58.22227642	261.6122871	30.74964791	12.15646562	18.59318229	24.44881102	18.56899715	24.44881102	18.56899715	1357.434514	253.8927331	7.333658278	87.81674203	728.0154656	32.78125424	728.0154656	32.78125424
-52.75	-5.25	23.27808327	7.974194363	57.98697203	59.02310585	30.76395564	17.01225576	13.75169988	23.2223902	22.58595234	24.01236938	22.58595234	2702.530636	402.1750266	19.75732375	67.20132411	1106.403495	105.284452	497.9832611	105.284452
-57.75	-3.75	24.67496172	8.010344774	58.00267359	82.44156936	33.40078899	19.59048633	13.81030266	24.33162998	24.0604983	25.78684173	24.0604983	2297.008326	340.7006122	30.89423589	60.75055541	900.522739	174.6209732	440.9294266	174.6209732
-42.75	-19.75	19.74694318	6.727092587	50.86213902	269.6525707	26.31921544	13.09308552	13.22612992	22.62067899	16.1273549	22.62067899	16.1273549	996.7259771	168.0972167	30.8246224	61.11718672	425.5374101	92.93713018	425.5374101	92.93713018
-54.75	-8.75	23.24762696	9.979841793	53.58759351	122.4937116	33.78334496	15.15992648	18.62341848	22.97033834	22.70648509	24.65498558	22.65869882	2268.530896	359.5022329	2.121571362	78.49983337	1034.120917	20.13385153	535.624477	678.6516504
-42.25	-6.75	25.89740527	7.384567648	53.69407354	155.8545322	34.07083664	20.3177962	13.75304044	25.36648951	25.08122337	28.23220444	24.90970376	2380.614518	574.8021255	2.698379369	114.607156	1191.248893	27.15274286	75.85113645	1086.361745
-57.25	-6.25	24.12127651	8.738446354	56.3865197	86.54989619	32.60852028	17.111117	15.49740328	23.98600006	23.29450445	25.24413489	23.29450445	2267.628221	351.7143193	12.01823986	66.52895754	973.519863	76.22422366	479.3895988	76.22422366
-56.25	-24.75	22.64631817	10.83722503	56.92202267	335.41111	31.01293826	11.97421735	19.03872091	26.23046503	18.28640566	26.23046503	18.28640566	1348.253192	201.8175088	25.33857991	64.60045066	585.9472469	90.00102561	585.9472469	90.00102561
-53.75	-13.75	24.69056857	9.775939987	56.85846313	160.4183335	33.97215153	16.77868648	17.19346505	24.92761217	23.01653002	26.73179249	23.01653002	1461.124026	261.8761574	0.505636052	91.96803878	745.7151729	3.282335962	339.1465622	3.282335962
-50.25	-21.25	22.63159341	10.54957492	57.23811179	251.2721425	31.24750697	12.81647459	18.43103238	24.75700821	19.27606367	24.75700821	19.27606367	1342.284911	250.1578393	5.871888464	89.49609885	723.9055644	26.80518828	723.9055644	26.80518828
-53.75	-3.25	24.06780739	7.348402441	63.81793246	50.88295789	31.1059609	19.59132519	11.51463571	24.01534354	23.5486497	24.77356366	23.5486497	2153.902137	333.585227	47.0815349	57.74928237	871.6254806	241.161216	305.1015849	241.161216
-50.75	-6.75	23.63937686	8.767188441	53.0707146	117.4585247	33.40264459	16.88282098	16.51982361	23.20151144	23.23777055	25.01295935	23.10526609	2771.03911	447.7561044	4.97488405	82.41022705	1280.773432	33.42905573	481.9846977	974.8519245
-49.25	-1.75	24.71111889	7.254976544	62.47029181	57.44939042	32.28216158	20.66867886	11.61348272	24.62881483	25.40969814	25.40969814	24.05107993	2443.274242	510.9384923	38.16749707	74.50551151	1193.114059	156.0058623	156.0058623	398.5931957
-53.25	-17.25	23.27319776	9.763239211	54.99804036	201.0973552	32.13179155	14.37981503	17.75197652	24.27473794	20.71307027	25.3112163	20.71307027	1503.462937	275.2479393	1.489291633	93.64301878	804.2364692	7.379554925	367.1574512	7.379554925
-48.75	-15.25	22.45482028	8.665688413	50.97647543	221.03288	31.06961864	14.07023149	16.99938715	23.57003467	19.40020886	24.63381562	19.40020886	1202.946895	225.6591252	2.595508469	99.1996698	671.3088614	8.467070162	246.1537847	8.467070162
-60.25	-15.75	25.49775384	10.08848124	55.77595694	160.0796457	34.3750827	16.28757369	18.08750901	25.9399822	24.18050157	27.30596415	24.18050157	1200.11354	202.9500879	2.489175489	81.14722541	551.0991838	14.89882206	323.5301688	14.89882206
-52.75	-6.25	23.12420636	8.744010178	54.57974685	78.36645835	31.97189687	15.95128358	16.02061329	23.07251192	22.32945049	24.08458187	22.32945049	2701.286201	410.4677514	9.980311512	73.11632186	1178.835851	60.98669982	533.9953062	60.98669982
-55.75	-25.25	22.05820594	10.74790309	56.31918102	335.1598429	30.51361322	11.42970097	19.08391225	25.66957369	17.729053	25.66957369	17.729053	1392.077134	204.309831	30.84928283	60.92936313	588.8423183	106.7542348	588.8423183	106.7542348
-48.75	-24.25	18.31671336	8.840556234	54.07625334	284.2787535	26.02057255	9.672257555	16.348315	21.4878188	14.58438268	21.4878188	14.58438268	1518.498962	253.1068325	32.56945695	64.60028375	707.9580196	120.4550604	707.9580196	120.4550604
-49.25	-22.25	20.15062305	10.96971772	58.62137346	293.2734744	28.69458468	9.98175508	18.7128296	22.97544743	16.14889877	22.97544743	16.14889877	1391.742323	256.9734508	10.98077822	84.32138351	732.2595346	45.72570573	732.2595346	45.72570573
-46.75	-16.25	21.96679038	8.106204093	50.49938877	241.996164	29.64475654	13.59267296	16.05208358	23.68631445	18.54574689	23.81992283	18.54574689	949.1529311	178.6331493	5.374880657	94.59626632	511.7023198	17.27906338	201.044364	17.27906338
-56.25	-12.75	23.84499694	10.74182265	53.97315597	167.1623317	34.59863644	14.69647868	19.90215776	23.96016023	22.77437452	25.63468493	22.77437452	1550.465299	266.6385341	0.774864381	85.85356554	747.5021435	5.878120245	389.7485366	5.878120245
-49.25	-21.75	20.8256509	11.04941876	58.34440547	278.7518757	29.59545654	10.65719044	18.9382661	23.40111017	17.03185504	23.40111017	17.03185504	1364.575288	252.5089448	8.078943847	87.17778652	726.496589	34.68275829	726.496589	34.68275829
-58.25	-13.75	23.57131992	10.51233166	54.04258478	163.4087139	33.77303656	14.32109564	19.45194092	23.8309439	22.40038646	25.26404749	22.40038646	1432.851854	243.601652	1.204456506	83.52331305	674.3888017	8.753956742	373.5301426	8.753956742
-47.25	-8.25	25.92178113	7.621439144	57.44013323	138.7067144	34.25239562	20.98390421	13.26849141	24.89572672	25.80375826	27.95280536	24.89572672	2338.133935	478.27792	1.271798997	103.029389	1272.753628	8.39775394	256.1914061	1272.753628
-56.25	-5.75	23.98370179	8.478603718	57.51223966	79.74410315	32.09399656	17.35173688	14.74225968	23.86474891	23.18527653	25.03181263	23.18527653	2324.112783	353.5889306	15.36992691	65.86343524	986.5509298	89.2159928	467.84764	89.2159928
-54.25	-19.75	24.25178758	10.00452865	55.91243817	217.3183726	32.89865089	15.00544326	17.89320763	25.68510364	21.40691824	26.14763711	21.40691824	1400.792223	253.8561188	3.34826719	89.63669572	739.4978536	18.18184423	367.1625965	18.18184423
-51.25	-7.75	23.8513901	9.308418983	53.11436532	143.3177594	34.25265426	16.72741617	17.52523809	23.29997531	23.4095008	25.62710933	23.06897496	2568.739483	425.798321	2.711720543	84.87158653	1229.702335	19.45855772	482.4805426	837.0980482
-41.75	-7.75	25.15891872	7.594627473	55.27824507	154.4005663	32.85326899	19.11436056	13.73890843	25.18517291	23.67318908	27.24618995	23.67318908	1876.204375	465.428408	3.910048526	116.936369	1003.741937	30.21765391	59.99797539	30.21765391
-60.75	-19.25	26.1337854	9.544752413	56.06374234	249.8428804	33.12870535	16.10388322	17.02482213	28.38749201	22.86274438	28.38749201	22.86274438	1042.720931	165.3237484	7.03464339	76.17527159	488.0627903	32.62720223	488.0627903	32.62720223
-47.75	-14.25	23.05006668	8.379366065	51.23713582	202.8767244	31.45341915	15.09933157	16.35408758	23.93242208	20.24158224	25.1348619	20.24158224	1157.949021	228.3236071	2.786358985	101.210121	658.2511225	9.95038496	209.847718	9.95038496
-62.25	-16.75	25.41225807	10.00694075	58.06693225	177.0615189	33.34047923	16.1070206	17.23345863	26.44475922	23.46372476	27.11799996	23.46372476	1095.268986	172.9720815	5.640065185	75.77035921	502.3553537	29.24048747	306.8312133	29.24048747
-55.75	-14.25	24.19062815	10.14795495	54.79172139	161.451189	33.95519301	15.43422909	18.52096392	24.45608052	22.72722279	26.10438246	22.72722279	1451.491258	251.3992059	0.720834671	88.51131458	717.2194609	4.625043078	367.1583813	4.625043078
-48.25	-3.75	23.95269567	7.9238948	59.59128538	70.539962	31.80888135	18.51181157	13.29706978	23.80613072	23.12295298	24.87247846	23.12295298	2813.404076	560.6765223	29.77711679	80.15207577	1426.07822	173.1045526	251.5461354	173.1045526
-52.75	-9.75	23.75157559	10.23995276	52.09536459	167.4493581	35.08523289	15.42906416	19.65616873	23.44233113	22.83858934	25.80177187	22.83858934	2092.6333	355.0785234	1.029013897	86.70557002	1015.573089	8.40329327	446.7095091	8.40329327
-54.75	-11.75	24.20968548	10.71270701	51.94886505	186.3356817	35.40841832	14.78678011	20.62163821	23.97767122	23.2653152	26.45306867	23.14268683	1693.06162	292.4287478	0.614637499	87.0614156	825.4349779	5.230679272	400.9777963	461.418167
-56.75	-22.25	24.11152793	10.28918556	57.65673783	274.9685475	31.96421654	14.11862564	17.8455909	26.6930365	20.52352252	26.6930365	20.52352252	1265.660935	209.2983981	12.4819132	77.00478383	611.2519081	49.10339407	611.2519081	49.10339407
-57.25	-10.25	23.82830272	10.27324665	53.44081841	137.6771943	34.55144446	15.32784917	19.22359529	23.76027687	23.04822081	25.23816968	23.04822081	1906.127815	298.8941737	1.689719642	77.00928506	856.6200365	18.73245065	500.2709925	18.73245065
-58.25	-9.25	24.05545901	10.02083406	52.78398549	106.6423175	34.62929522	15.6446847	18.98461052	23.94527239	23.39416591	25.21208279	23.39416591	2005.616011	302.6053123	3.130886584	71.57018032	863.3404265	34.20468307	529.1935446	34.20468307
-54.25	-11.75	24.16207754	10.79808486	52.22976197	187.1862779	35.44116363	14.76696476	20.67419887	23.9755831	23.09115251	26.46562677	23.09115251	1700.717299	296.6161816	0.568209278	88.20216929	836.7486122	4.733695168	393.0302418	4.733695168
-52.75	-3.75	23.81623039	7.275224626	63.25731917	46.91980904	30.43601689	18.93501634	11.50100055	23.8020551	23.28885246	24.43786832	23.28885246	2485.828356	376.3630025	43.97742049	60.59920089	1014.604905	206.287052	365.3229012	206.287052
-57.75	-3.25	24.74299891	7.912869608	58.6631532	81.76032865	33.45287812	19.96422438	13.48865374	24.37776295	24.14001113	25.85067506	24.14001113	2312.598459	338.1412938	29.69368471	59.51668469	858.8697073	206.0482121	446.4356812	206.0482121
-58.25	-26.25	21.91446531	10.61835985	50.25113919	409.3178387	31.73761756	10.60703223	21.13058533	26.61004206	16.66230135	26.61004206	16.66230135	1300.972494	187.6315897	30.48689255	55.29065772	503.712891	101.2159401	503.712891	101.2159401
-56.25	-20.25	25.23502757	9.896387965	56.20332251	226.3485339	33.60325563	15.99506536	17.60819027	26.90689022	22.2621867	27.06004608	22.2621867	1310.457217	235.6797481	5.399618023	86.21201954	679.3051952	25.66723897	353.9055876	25.66723897
-51.25	-4.25	23.56779831	7.535557144	62.72601844	46.94138181	30.16546516	18.1520179	12.01344726	23.58257882	23.00083295	24.15325777	23.00083295	2863.730784	467.4400938	31.92645797	67.61500536	1197.791265	160.9772856	409.9554768	160.9772856
-49.75	-9.25	25.46389684	8.776023	57.94734331	124.6430754	34.58716411	19.44234038	15.14482373	24.83544347	25.16802478	27.1845758	24.66754328	2160.403045	403.6144165	0.827068975	95.16266587	1131.495043	6.050140083	358.824418	664.0334439
-50.25	-0.25	24.91183468	5.732769565	69.39964905	28.3324756	30.10105505	21.8405384	8.26051665	25.00215996	25.14864708	25.14864708	24.60936437	2032.639028	410.1527949	28.51194863	70.82053274	828.7109914	116.6683234	116.6683234	487.6948088
-53.75	-16.75	24.5726942	9.397273436	54.67021669	186.2676632	33.1391108	15.95009271	17.18901809	25.34170669	22.16146954	26.59447373	22.16146954	1465.104574	263.2820748	1.185725721	93.05287189	774.8590886	6.219091856	359.4907251	6.219091856
-38.75	-3.75	25.79780573	3.369115983	65.8885659	35.83214225	28.48230299	23.36894844	5.11335455	26.03947349	25.94129324	26.03947349	25.26007604	1482.071964	318.5011304	9.518329297	91.8367794	829.2272524	55.74181162	829.2272524	137.9117932
-48.75	-14.75	23.13314616	8.671704521	51.61490156	205.6732611	31.76956845	14.96879143	16.80077702	23.99799201	20.32303198	25.305176	20.32303198	1221.373718	234.7088619	2.173105578	100.4162776	688.2437729	7.144719486	239.9051999	7.144719486
-40.25	-6.75	24.01349182	7.330190568	55.63714459	141.7791714	31.5703006	18.39530641	13.17499419	23.64744063	25.73592738	25.73592738	22.36872249	1735.540032	404.2079093	7.622441447	109.5709856	832.2001552	48.6492732	48.6492732	53.65432999
-46.75	-14.75	22.82888658	8.110780673	50.54810203	221.8648483	30.64490065	14.59923257	16.04566808	24.17360995	19.65109655	24.67684772	19.65109655	992.3776236	189.6192408	4.425796705	98.5391855	554.2478349	15.38889381	182.9269201	15.38889381
-49.25	-18.75	22.8384875	9.609903293	53.52407882	251.4930757	31.41225759	13.45790227	17.95435532	24.63258753	19.37794522	24.8657767	19.37794522	1231.703277	237.6279621	3.121085156	93.8679413	664.1988176	12.27708068	308.8142403	12.27708068
-55.25	-15.25	24.55545946	9.684217169	54.42640316	175.4546207	33.82457637	16.03134256	17.79323381	24.98805333	22.7266062	26.6571012	22.7266062	1413.819574	244.0433536	0.755855074	90.14938673	715.682462	4.631605298	356.2285639	4.631605298
-63.25	-12.25	25.28533305	10.69023677	55.81255638	147.8974446	35.18220375	16.02838342	19.15382033	25.28681263	24.66439105	26.92549689	24.26463161	1296.186111	207.6637419	3.379424021	71.58819746	532.8310717	26.19008844	358.4503138	378.7146373
-47.25	-4.75	24.11832316	8.251648375	53.23236216	108.2366829	33.67254704	18.17135934	15.5011877	23.60640382	23.60466383	25.53314612	23.60466383	2958.553765	598.3566576	13.51580749	86.79082526	1430.659402	88.09677476	278.7401643	88.09677476
-50.75	-18.25	22.42352916	9.952793598	53.41165888	247.4705423	31.46959846	12.83547661	18.63412185	24.04389376	19.11267967	24.58560641	19.11267967	1353.83829	250.5582734	2.284065321	93.66735507	724.3175519	9.65919781	337.5595303	9.65919781
-59.25	-22.75	25.24282908	10.32325363	55.71963069	315.5881682	33.14855576	14.6214164	18.52713936	28.63564043	21.14443066	28.63564043	21.14443066	1138.833371	174.9621129	12.81617422	70.64529363	509.9326273	50.36395123	509.9326273	50.36395123
-50.25	-18.75	22.95328135	9.853435848	53.55387883	249.3140345	31.82312343	13.42401572	18.39910771	24.64647251	19.58877712	25.07591989	19.58877712	1301.9428	245.9819865	2.587470464	93.48689071	699.4649853	11.14275385	327.9991618	11.14275385
-52.25	-5.25	23.26274334	8.029525056	57.38235866	58.70632116	30.9354311	16.94241087	13.99302023	23.20005251	22.59040221	23.99464758	22.59040221	2768.792987	417.1093681	19.21316218	68.46485009	1139.624077	103.1020374	497.5989738	103.1020374
-55.25	-0.75	24.06586038	8.477593002	60.3288602	98.16171248	33.68225258	19.62995162	14.05230096	24.00490406	25.4440801	25.4440801	23.1192573	1468.61687	306.8115319	21.82089502	71.39938741	585.4034734	154.6044432	154.6044432	370.452777
-54.25	-19.25	24.40991078	9.884409363	55.84370506	208.5783133	33.09197718	15.39184544	17.70013174	25.66072185	21.68508984	26.34658511	21.68508984	1418.103972	258.0729583	2.722971359	90.66493258	751.9692186	15.07016087	367.1146159	15.07016087
-56.75	-11.75	23.73680176	10.74948545	52.82318827	167.975001	34.8945783	14.54464146	20.34993684	23.7807735	22.65561764	25.53531281	22.65561764	1669.418637	277.3892847	0.98879926	82.46587335	783.1978511	9.093335836	426.8184519	9.093335836
-59.25	-17.25	26.10883195	9.683002857	55.85411152	184.1142472	34.29064485	16.95440479	17.33624006	27.17063005	23.84423569	27.92072115	23.84423569	1197.881812	200.6084465	2.893526448	83.4259861	577.4806538	15.82295903	317.4995995	15.82295903
-52.75	-9.25	23.47198935	10.19853785	51.73974519	156.3390134	34.92663678	15.21541128	19.7112255	23.23782839	22.49514235	25.36817263	22.49514235	2200.242247	366.6373331	1.276202087	85.34805388	1056.028455	10.42496771	469.7351741	10.42496771
-57.25	-5.25	24.28683294	8.333276193	57.72418979	81.91199586	32.58916265	18.15279512	14.43636753	24.10111448	23.53220077	25.37373771	23.53220077	2263.75343	346.8997117	19.1685772	64.38702689	958.4845334	105.9431931	444.088766	105.9431931
-53.75	-4.25	23.6361026	7.423315908	63.3014397	52.39090182	30.19398529	18.46705468	11.72693061	23.66051728	23.04755818	24.32054384	23.04755818	2409.508343	349.0948512	34.44705472	60.20416893	918.2200478	165.0979286	410.2886419	165.0979286
-50.75	-11.75	25.4585754	9.131331846	56.65681565	146.2398716	34.57646344	18.45954663	16.11691681	25.50032458	24.11158012	27.39770745	24.11158012	1644.802968	314.4399242	0.425275779	96.66644654	874.9892886	2.893563902	310.4293374	2.893563902
-59.75	-20.75	26.67572354	9.922619212	57.27818898	267.6221621	33.98368413	16.66012801	17.32355612	29.26503549	23.18832906	29.26503549	23.18832906	1093.431299	174.8717901	8.56208376	76.19528773	516.4550622	36.73537104	516.4550622	36.73537104
-46.75	-19.75	19.51158801	9.470094389	54.21401874	287.0759465	27.61424421	10.1462634	17.46798081	22.07584931	15.52345984	22.07584931	15.52345984	1165.153196	224.4353646	8.578947748	88.38389303	609.5238236	29.40155871	609.5238236	29.40155871
-48.75	-7.75	25.76939918	7.87051034	57.86737331	146.6525567	34.07551765	20.4745714	13.60094625	24.61840876	26.1644233	27.57062932	24.61840876	2542.304002	473.664754	1.699509396	95.30981796	1301.334974	11.74345486	347.5057297	1301.334974
-56.25	-20.75	24.66981528	10.0060384	56.4866571	240.5459534	32.95605425	15.24206848	17.71398577	26.60773264	21.46719099	26.60773264	21.46719099	1310.909554	233.5259545	6.847528912	84.57114286	672.5068389	30.72723965	672.5068389	30.72723965
-47.25	-15.25	22.11088033	8.153664077	50.15217323	231.1521309	30.14099422	13.88314625	16.25784797	23.52739838	18.84381121	24.10051057	18.84381121	1036.47203	191.5083125	4.20352671	97.59683071	572.3219423	14.16825063	204.1893546	14.16825063
-44.75	-4.25	26.2993644	7.666218782	60.38768298	138.7480294	34.52309517	21.82809115	12.69500402	25.17031965	26.35852771	28.12868776	25.17031965	2786.557352	629.6269126	8.157993017	94.94269695	1522.652674	97.05091195	163.1436368	1522.652674
-51.25	-23.75	19.51455761	10.51938404	59.90215247	297.4158106	27.34346213	9.782517151	17.56094498	22.56509294	15.5891357	22.56509294	15.5891357	1427.412241	258.3768617	19.39942765	76.15932836	719.7756575	76.75378414	719.7756575	76.75378414
-57.75	-28.25	20.35440906	10.66597222	48.88313155	434.3063449	31.06531266	9.245981784	21.81933088	25.45978963	14.84628894	25.45978963	14.84628894	1368.670883	173.039447	45.01760451	42.96080372	486.1668647	146.6404757	486.1668647	146.6404757
-50.25	-8.25	25.08703954	8.608446551	57.84465097	125.6114741	34.13644235	19.25443268	14.88200967	24.29619016	25.1505784	26.67212298	24.22926661	2438.729681	430.8939407	1.583589866	90.5649651	1222.410129	11.40146779	416.7166046	788.2014796
-52.25	-19.75	23.88567375	9.718334478	54.93352936	231.1807281	32.24635975	14.55528002	17.69107973	25.48495927	20.78386395	25.84878251	20.78386395	1359.546405	250.7794614	2.993621833	90.93407229	723.1546758	15.54374456	353.7664843	15.54374456
-44.75	-11.25	23.42140624	8.53811182	55.08809329	181.39067	31.62210511	16.12309015	15.49901496	24.10179867	20.97238868	25.27870547	20.97238868	1109.605402	252.4905949	5.071014407	107.0268104	647.6057703	20.38159912	118.605282	20.38159912
-52.25	-1.75	24.17441069	7.100735509	65.48534635	51.66791045	31.2672158	20.42397238	10.84324342	24.09690022	24.81287476	24.81287476	23.63044995	2092.85235	410.4714159	42.04190557	64.3656701	900.2295067	181.3502518	181.3502518	403.1300358
-60.75	-20.75	26.13904643	10.82329338	58.00044589	289.0896211	34.01633394	15.35562674	18.6607072	29.11359457	22.4156818	29.11359457	22.4156818	1047.828239	163.0769404	8.676883347	73.33775948	478.2005672	36.93091861	478.2005672	36.93091861
-50.25	-2.75	24.40019451	7.317335826	60.59449374	58.15211804	31.98019233	19.90428349	12.07590884	24.2697258	25.15321766	25.15321766	23.7378956	2704.449279	476.5858055	49.41724661	69.95060303	1285.214714	239.2738156	239.2738156	308.4259649
-54.25	-22.25	22.35180415	10.75822	56.72316711	291.0292181	30.95971767	11.99353411	18.96618356	25.04461941	18.52937751	25.04461941	18.52937751	1375.731276	242.7270707	10.64599342	81.90651859	700.2308946	44.47696125	700.2308946	44.47696125
-54.75	-17.75	25.40308763	9.952119436	55.90779187	189.6673941	34.50124851	16.70029608	17.80095243	26.20976205	23.00360985	27.45913535	23.00360985	1407.46921	253.1399213	1.69787241	91.78080987	744.4638516	9.024043242	354.5661737	9.024043242
-39.25	-7.75	23.35884857	7.841320397	58.01348079	155.8185095	31.05421569	17.53783934	13.51637635	24.23512325	24.62575528	24.62575528	21.27583212	1385.779696	315.4700727	12.29142131	103.5505607	635.0480549	51.5529252	51.5529252	72.68581057
-51.75	-22.25	22.56720156	10.88179036	58.24318962	273.167004	31.18495234	12.50158279	18.68336955	25.07990435	18.89372281	25.07990435	18.89372281	1358.46905	252.1152412	8.892264026	85.24366246	719.0750487	39.6859935	719.0750487	39.6859935
-56.25	-26.75	21.2480978	10.61579309	52.39208514	385.1319652	30.70608639	10.44387872	20.26220767	25.60731883	16.29343345	25.60731883	16.29343345	1429.463061	194.9398453	42.16511624	51.18357703	549.1366179	136.81938	549.1366179	136.81938
-55.25	-16.25	24.85352328	9.832308588	55.16318669	180.3697128	34.1929516	16.36891137	17.82404023	25.4459844	22.77470648	26.94423858	22.77470648	1399.906462	242.6430229	1.00435829	90.70690751	720.1832454	5.793213942	354.4439991	5.793213942
-53.75	-25.75	19.4546132	10.58588135	57.00833465	325.5211799	27.97052754	9.401521063	18.56900648	23.03061359	15.24532573	23.03061359	15.24532573	1494.832022	224.3228063	39.57214621	57.55638463	628.8439003	137.2547846	628.8439003	137.2547846
-57.75	-24.25	23.77413902	10.8092394	55.51977777	344.2245801	32.3006577	12.83148863	19.46916907	27.52841341	19.29271578	27.52841341	19.29271578	1264.247857	188.6208618	20.45314848	66.18630794	548.6757311	74.06809532	548.6757311	74.06809532
-51.25	-5.25	23.32583059	8.234938087	56.31969284	60.77449272	31.49712609	16.8753523	14.62177379	23.22122757	22.69983527	24.09924641	22.69983527	2899.627004	459.1727125	16.99310306	72.06620324	1200.655366	94.53831406	482.8162537	94.53831406
-44.75	-21.25	16.54115452	9.085069813	54.71046029	305.1910191	24.49419848	7.888471228	16.60572725	19.74635568	12.42734162	19.74635568	12.42734162	1307.265866	236.4212326	21.31266252	74.7788434	625.9164054	72.57012867	625.9164054	72.57012867
-51.75	-14.25	24.76924189	9.27996497	54.3864017	183.9910352	33.80525933	16.74223497	17.06302436	25.26475232	22.55565902	27.01700653	22.55565902	1379.669229	258.2227205	0.52480221	96.38328506	737.5496131	2.882539668	293.9948387	2.882539668
-54.25	-4.25	23.7070052	7.489659195	63.48615826	54.9387735	30.34186616	18.54455569	11.79731047	23.57951476	23.09837149	24.43061002	23.09837149	2339.021511	332.3059422	34.36798138	59.62913724	889.2958834	164.6875751	404.0389271	164.6875751
-63.75	-13.25	26.1981212	9.867665337	56.93211772	136.0807032	34.71073132	17.37839637	17.33233495	26.31907473	25.45291622	27.70137764	25.31911623	1214.487386	195.50656	3.501382065	71.9767941	501.1712885	25.77087188	349.9572701	337.5879559
-55.75	-8.25	23.1560351	9.722265302	53.85835464	98.8780209	33.3187554	15.26721007	18.05154533	22.98229585	22.55978253	24.30086079	22.55978253	2301.384264	359.1785878	3.120014548	74.71021323	1024.033238	30.3105347	555.7024995	30.3105347
-46.75	-4.75	24.16306204	8.389959255	52.89087691	118.4259673	33.96142719	18.09865511	15.86277208	23.58442745	23.56862372	25.76755079	23.56862372	2992.942233	615.6573956	11.43292712	88.59402513	1466.493853	84.12764607	263.5934111	84.12764607
-46.25	-20.75	17.90374508	9.923496622	56.68572812	303.3460949	25.96063832	8.454474156	17.50616416	20.83353511	13.72490562	20.83353511	13.72490562	1261.552491	236.8686942	12.26793611	83.79151266	643.3812831	43.66187706	643.3812831	43.66187706
-56.25	-17.25	26.49360724	9.955501096	55.0363555	179.4354695	35.74113932	17.6521852	18.08895412	27.20740173	24.23934012	28.51306	24.23934012	1326.725632	227.9418997	1.614621324	89.32872076	679.4037682	8.485103444	339.641397	8.485103444
-46.75	-4.25	24.0663953	8.453042138	54.85116536	96.66225598	33.43517753	18.02430689	15.41087064	23.68293117	23.2620346	25.41452559	23.2620346	2873.289778	605.8990086	16.264689	86.31642506	1473.411483	118.9679479	241.5376982	118.9679479
-50.25	-1.25	24.62462371	7.113400728	66.70531945	45.03349168	31.66495524	21.001037	10.66391824	24.59441844	25.14217594	25.14217594	24.12398454	2299.704538	477.3943543	38.31380848	70.68782807	1042.360121	149.1260133	149.1260133	456.2661568
-43.75	-8.25	25.16776874	7.138764673	53.27871741	148.8733789	32.64694511	19.24804022	13.39890489	24.76860328	23.93448388	27.42349192	23.93448388	2045.054708	493.2653464	2.707866861	115.0773901	1165.037349	18.05700894	108.3993341	18.05700894
-60.75	-11.25	23.94669552	10.37024678	54.77486523	139.7651965	34.04066778	15.10817615	18.93249163	23.9065802	23.18099579	25.436324	23.18099579	1542.099005	241.4889135	2.413225939	74.64429387	676.3992517	24.34899716	397.6226173	24.34899716
-49.25	-2.25	24.55169038	7.438091031	61.05875679	61.83994833	32.36826884	20.18641087	12.18185797	24.44520376	25.31885396	25.31885396	23.82559669	2571.576673	515.0639211	41.04667577	74.72010232	1278.970603	178.2692218	178.2692218	356.1026223
-53.25	-15.75	24.85514299	9.348201332	54.20832933	184.5090748	33.61914474	16.37419097	17.24495377	25.45366534	22.53788714	26.99357247	22.53788714	1409.971145	249.5424967	0.780847526	93.44035541	739.3757787	4.295275603	336.8451497	4.295275603
-45.25	-13.25	23.62438454	8.495826435	53.93953979	210.590409	31.44899402	15.69834715	15.75064687	24.89469164	20.60131022	25.24337735	20.60131022	896.7574346	185.4805048	6.14028326	100.1520836	509.9957929	21.70504649	132.4962982	21.70504649
-48.75	-2.25	24.52797175	7.511741478	60.54495322	64.87538623	32.50102051	20.09413756	12.40688295	24.43395826	25.3180667	25.3180667	23.74580979	2535.338004	514.3179086	39.25299074	76.75920779	1291.060577	169.7411317	169.7411317	342.3749405
-60.25	-22.25	25.91359193	10.20333798	54.16386417	320.2805535	33.89257506	15.05466877	18.83790629	29.38759807	21.77358476	29.38759807	21.77358476	1073.868298	162.8996589	11.02306342	70.25488596	474.2028829	44.1158115	474.2028829	44.1158115
-53.25	-19.75	24.17017384	9.657357267	55.41114665	218.9439806	32.42053765	14.9919915	17.42854615	25.61910913	21.26669757	26.09456411	21.26669757	1386.335053	251.3484416	3.066617998	90.26606268	733.1750202	16.59086958	363.3207502	16.59086958
-49.75	-9.75	25.40520288	8.902297335	57.34309417	128.789803	34.63746683	19.11284706	15.52461977	24.96330955	24.80388303	27.19213297	24.66148599	2031.200929	383.1435966	0.667425975	96.02837105	1072.001631	4.884266375	342.4492764	611.865755
-45.75	-22.25	17.2700104	9.220551678	54.61288913	302.9939149	25.21172657	8.328254875	16.8834717	20.4725209	13.16912291	20.4725209	13.16912291	1387.764915	242.5338453	21.32725846	74.21594161	668.9621972	75.69471908	668.9621972	75.69471908
-57.75	-10.75	23.76558651	10.44318643	53.79304818	144.4004086	34.45529318	15.04165744	19.41363574	23.7965352	22.81667785	25.24414913	22.81667785	1793.4779	280.5485116	1.627686038	77.29233465	806.496654	17.54831576	472.6779975	17.54831576
-49.25	-7.25	25.17373573	7.947327243	56.76077485	134.6219018	33.78299412	19.78155164	14.00144248	24.18039853	25.55599454	26.70756828	24.18039853	2666.075102	475.7260125	2.278758552	91.60637065	1314.539417	16.10067382	388.660358	1314.539417
-60.25	-19.75	26.61148562	9.597873365	55.67329136	260.4238489	33.67271514	16.43307809	17.23963705	29.01700885	23.16565269	29.01700885	23.16565269	1057.875513	170.1585146	7.228553679	76.86538023	499.0695109	32.81787259	499.0695109	32.81787259
-54.25	-10.25	23.88367177	10.38013774	51.72743674	167.7252343	35.06568404	14.99869755	20.06698649	23.57895687	23.14762859	25.812154	22.99594761	1973.114874	330.5706015	0.892351434	84.78874565	944.2723727	8.196228237	456.1799369	564.4663362
-57.25	-20.25	26.46555156	9.542304819	55.90808653	226.4443387	34.19337553	17.12553184	17.06784369	28.2252929	23.40735067	28.2252929	23.40735067	1228.940891	213.2789247	6.043951016	84.11691969	624.2442918	27.51090863	624.2442918	27.51090863
-47.75	-11.25	24.60360023	8.679712044	54.47309678	156.0663849	33.58924633	17.6553036	15.93394273	24.50980239	23.05350774	26.80609435	23.05350774	1571.371471	333.3637518	0.968889186	105.0064942	904.7111615	4.697527698	226.8431376	4.697527698
-61.25	-20.25	25.76764935	11.00492672	58.83725762	283.7307369	33.67814709	14.9741368	18.70401029	28.66962357	22.13122905	28.66962357	22.13122905	1032.032202	159.6390959	8.484158326	72.74681491	467.8172405	36.71046844	467.8172405	36.71046844
-58.25	-9.75	23.94757674	10.13004002	53.08123199	117.7285144	34.61635472	15.53232136	19.08403336	23.91117894	23.16535496	25.17499087	23.16535496	1931.582661	292.8430165	2.677691275	72.85678735	838.7397205	29.51618024	512.3484255	29.51618024
-44.75	-7.25	25.07153084	6.921067372	55.31384884	148.3316672	32.83622494	20.32386589	12.51235905	24.07019056	24.73875333	27.34405992	24.07019056	2730.804044	606.2220454	2.212975679	108.8287842	1460.858473	18.03974746	172.7307022	1460.858473
-46.75	-13.75	23.48830915	8.260310959	51.40801501	199.8839188	31.54053102	15.4723927	16.06813832	24.43787465	20.64888666	25.38138929	20.64888666	1075.801838	219.1318964	3.574615798	101.9873496	616.58006	13.04782935	178.9143101	13.04782935
-56.25	-7.25	23.61413974	9.304138397	54.10190986	87.57017277	33.08041352	15.88298293	17.19743059	23.49611851	22.85897392	24.69498226	22.85897392	2337.003787	361.4835964	6.320651096	70.59660154	1018.506953	49.85944448	534.044506	49.85944448
-58.75	-25.75	22.49331447	10.40887024	50.0629723	399.353084	32.02546448	11.23390985	20.79155463	27.07104198	17.37323217	27.07104198	17.37323217	1253.503668	184.926817	25.79805529	58.18914601	494.0188193	87.04665896	494.0188193	87.04665896
-60.25	-13.25	23.81386798	10.81974018	54.35514542	166.1532109	34.1539966	14.24835548	19.90564112	23.92382574	22.83951551	25.61076661	22.83951551	1409.284905	235.3129111	1.830347097	79.32155629	639.8009946	14.9877234	369.97365	14.9877234
-58.75	-2.25	24.69351767	7.981123753	55.05179646	84.30555786	34.65774046	20.16025942	14.49748104	24.56274346	24.18840561	25.75892005	24.18840561	2545.191637	380.233315	27.74450372	58.18501489	901.6622525	274.3231149	578.6463823	274.3231149
-58.25	-3.75	24.72854226	8.034965995	56.77095566	85.36305838	33.76976872	19.61646462	14.1533041	24.36281294	24.12286566	25.86584113	24.12286566	2362.928967	355.0632884	29.99754972	61.03601757	930.261607	173.1044161	470.5528961	173.1044161
-56.75	-15.75	26.09097168	9.820955047	54.80503182	166.8193171	35.40845152	17.48864613	17.91980539	26.57886086	24.18705105	28.09681872	24.18705105	1332.612756	225.9769338	1.094064609	87.7532451	657.2714857	6.315352792	348.7000995	6.315352792
-57.75	-11.25	23.66543965	10.60513597	53.91236229	154.6037392	34.37138535	14.70032009	19.67106526	23.75032451	22.59710808	25.26781507	22.59710808	1709.74798	273.8687744	1.383044984	78.92860257	779.0388071	14.15486493	447.9876737	14.15486493
-60.75	-19.75	26.35708265	9.80045021	56.31764812	265.6286532	33.45485027	16.05275601	17.40209426	28.87897083	22.87384165	28.87897083	22.87384165	1040.653631	164.8531469	7.688239878	75.15032575	483.2583288	34.53226001	483.2583288	34.53226001
-41.25	-6.25	25.27505211	7.370737083	57.49262093	143.1185093	32.65547114	19.8351527	12.82031844	24.4309212	24.15839952	27.41025707	24.15839952	2008.956773	480.848022	4.187475847	112.06236	1009.473357	38.48456921	54.34792688	38.48456921
-47.75	-20.25	19.56011423	10.39551103	55.59611591	289.4797374	28.41240638	9.714137884	18.6982685	22.07816767	15.56856274	22.07816767	15.56856274	1250.294615	238.6450769	7.16085298	89.23655149	661.2491127	26.70101631	661.2491127	26.70101631
-50.25	-23.25	19.12972224	10.46003131	59.01775358	304.4280333	27.07484424	9.351310761	17.72353348	22.2353977	15.03030917	22.2353977	15.03030917	1428.806376	263.0455954	16.71671533	79.05525408	735.6816951	67.67214222	735.6816951	67.67214222
-52.25	-17.25	22.20491403	10.35781874	55.00681814	221.5248754	31.59356876	12.76350535	18.83006341	23.47921152	19.33116231	24.27607063	19.33116231	1485.86646	269.9717259	1.619715068	94.13039644	795.6337242	7.554818646	358.9092118	7.554818646
-41.25	-19.25	21.87259867	5.863595981	49.33814499	238.5856641	28.10853376	16.22402537	11.88450839	24.43791478	18.77326401	24.43791478	18.77326401	952.0059648	130.2715655	41.02351077	41.7036015	341.5066911	134.1125729	341.5066911	134.1125729
-49.75	-21.75	21.46103409	10.93854525	58.30430081	268.7676641	30.17689466	11.41576539	18.76112927	23.91188358	17.82340618	23.91188358	17.82340618	1363.180031	254.0271682	7.681041377	87.58389536	729.1765638	33.70413338	729.1765638	33.70413338
-49.25	-10.75	25.4184557	8.916757842	56.35012202	142.7136463	34.5525838	18.72873547	15.82384833	25.16451971	24.3697577	27.43817051	24.3697577	1773.706323	349.9726003	0.533450394	99.65037516	969.636339	3.370526527	290.9237125	3.370526527
-52.75	-17.75	22.01944503	10.2209886	55.00903578	225.9472561	31.23699489	12.6564318	18.58056309	23.34768257	19.13117815	24.11445531	19.13117815	1501.182646	274.0369225	1.968950392	93.43414137	803.6802463	9.04345679	370.199058	9.04345679
-51.25	-23.25	20.35841424	10.94245467	59.64952748	300.3264399	28.66656507	10.3219861	18.34457897	23.33354314	16.34135067	23.33354314	16.34135067	1400.280009	258.4027264	15.05656783	80.03733581	723.5414811	61.58509828	723.5414811	61.58509828
-57.25	-4.75	24.37391494	8.1869072	58.27014508	80.38644325	32.68726041	18.6373431	14.04991731	24.14256456	23.67305238	25.45088064	23.67305238	2255.42551	337.2085916	24.07217243	62.98347316	936.5765589	126.4914958	431.3849923	126.4914958
-47.75	-16.75	21.6037035	8.556595917	50.53987823	251.9612638	29.78531222	12.85492731	16.93038491	23.36000649	18.05272614	23.60287316	18.05272614	1061.636106	202.30598	4.48489271	95.03953521	572.8649477	14.4788521	239.3045997	14.4788521
-57.75	-18.25	26.5719177	10.19580357	56.84287332	191.2041136	35.24373896	17.30691948	17.93681948	27.70501226	24.17821632	28.44033875	24.17821632	1239.69098	208.8886926	2.926579614	86.05284519	621.9752838	15.39563063	327.0740569	15.39563063
-56.25	-27.25	20.90050957	10.61693996	51.76633487	390.8748741	30.59015929	10.08080705	20.50935224	25.37767482	15.89521873	25.37767482	15.89521873	1445.716971	192.0160722	46.39789138	47.79015792	539.4347552	149.0694044	539.4347552	149.0694044
-54.75	-25.25	21.15495226	10.66539048	57.26125091	317.7353943	29.42066628	10.79482365	18.62584263	24.55603303	17.07209343	24.55603303	17.07209343	1430.021867	216.2349712	32.29244527	61.44157399	614.9506294	112.6616536	614.9506294	112.6616536
-50.75	-10.75	25.2691612	9.247611136	57.57190683	139.5303558	34.49465195	18.43193726	16.06271469	25.0781261	24.31557244	27.12893471	24.31557244	1847.115953	343.4331295	0.522285779	94.5831097	961.8895556	3.854801793	347.4940519	3.854801793
-44.25	-22.25	17.70838985	8.119981027	52.52929267	283.0775175	25.43056136	9.972555713	15.45800565	20.8256298	13.95039403	20.8256298	13.95039403	1362.869604	228.5396222	30.50163439	65.65975319	612.2573081	99.93038098	612.2573081	99.93038098
-46.75	-22.75	18.661263	9.49072441	55.61302503	298.1256905	26.44746083	9.381810462	17.06565037	21.78878192	14.60597022	21.78878192	14.60597022	1396.252012	241.0695902	19.41717824	75.34758178	684.4077748	71.88030734	684.4077748	71.88030734
-56.25	-11.25	23.83960377	10.59655398	52.39837326	167.1332778	34.94478694	14.72172787	20.22305907	23.76224876	22.91404521	25.63200031	22.91404521	1757.941268	290.8610187	0.958707313	82.59413828	826.6566791	9.117229986	443.9255594	9.117229986
-55.25	-26.25	21.16541274	10.7551897	55.36888381	341.4943565	30.00930821	10.58469829	19.42460992	24.95710505	16.79047635	24.95710505	16.79047635	1459.377734	202.3881757	41.5496877	53.55797106	579.3683067	138.768612	579.3683067	138.768612
-55.25	-3.75	24.0729412	7.536844647	63.43614843	59.61949698	31.15817812	19.27718466	11.88099346	24.03780225	23.48777609	24.8910703	23.48777609	2141.684391	289.7788155	40.36898501	57.89034878	802.3422181	189.434569	359.3810867	189.434569
-46.75	-10.25	24.45252103	8.234328822	54.35161424	152.4907689	33.15138623	18.00127719	15.15010904	24.16838209	23.06567905	26.71982426	23.06567905	1672.368479	365.9586507	1.475129167	107.3566047	970.5673605	7.139801362	197.9600435	7.139801362
-56.75	-3.75	24.46664774	7.905763541	60.53231473	75.29971719	32.52473465	19.46433282	13.06040183	24.175268	23.84374391	25.50103009	23.84374391	2187.901212	314.7613331	34.06893921	59.69321888	839.8617362	177.6333582	396.4745584	177.6333582
-53.25	-25.25	19.02441202	10.43553986	57.43141726	318.7930356	27.32650669	9.156069044	18.17043765	22.48289272	14.878977	22.48289272	14.878977	1490.256383	237.8071735	35.02822931	62.15090723	661.2159178	124.0154718	661.2159178	124.0154718
-57.75	-7.25	24.17106151	9.261011608	54.72965159	88.99958044	33.3435384	16.4221597	16.9213787	23.9729368	23.51123448	25.288021	23.51123448	2208.246258	336.0808935	7.662608956	67.48496554	940.3114039	58.69077728	514.2105272	58.69077728
-43.25	-12.75	22.61114076	8.064487873	55.14266232	239.1827489	30.06423788	15.43946727	14.62477061	24.62140077	19.25541679	24.62140077	19.25541679	699.1391972	134.9527378	12.75989522	83.93384118	360.9404611	50.77617548	360.9404611	50.77617548
-42.75	-5.25	26.86601569	7.350739106	58.83572896	151.9714095	34.59443158	22.10076619	12.49366539	25.52279723	26.73513831	29.05841298	25.52279723	2564.476789	579.6713154	2.879822692	108.1425035	1373.16605	43.04425339	88.17782189	1373.16605
-54.75	-12.75	23.99561425	10.96452647	53.82993908	178.4909491	35.16053647	14.79171077	20.3688257	24.03120418	22.7754177	26.09810393	22.7754177	1560.387999	274.2727612	0.563265437	88.82930355	772.807783	4.209295049	372.1345384	4.209295049
-51.25	-17.75	21.87701209	10.35305798	54.38825597	238.7928135	31.29955783	12.26409182	19.03546601	23.38518878	18.72816154	23.99624442	18.72816154	1413.078419	256.0886128	1.993731539	94.00693978	756.3053555	8.706391574	346.407962	8.706391574
-52.25	-0.25	23.82420556	7.239470677	66.08672726	40.41609549	30.87460431	19.9201041	10.95450021	23.91186575	24.23769228	24.23769228	23.4031376	1770.673802	348.4261269	31.40546585	67.39196345	672.7916459	131.7066273	131.7066273	479.5400596
-56.25	-9.75	23.82984309	10.07412679	53.26970683	141.1307375	34.37827345	15.4667243	18.91154915	23.57322905	23.30072852	25.29268943	23.15272535	2036.51088	322.5870425	1.635228538	78.125209	925.1583575	17.48043019	517.4367276	576.4353645
-48.25	-15.25	22.20604886	8.485963615	50.59526602	224.7831948	30.65489377	13.88264553	16.77224824	23.41370877	19.07226579	24.34371481	19.07226579	1151.36701	215.1084799	3.205544515	98.84525344	641.8252813	10.48953452	232.2005606	10.48953452
-40.25	-4.25	25.18772486	6.998137121	62.90043319	84.29007849	31.83465979	20.70892223	11.12573756	24.80609211	26.33418953	26.33418953	24.44354122	1559.564954	379.3467847	6.94984148	101.2643189	911.5823049	55.75062103	55.75062103	78.78090192
-57.75	-21.25	25.88635105	9.853438193	57.21386341	252.6029263	33.45385597	16.2317395	17.22211647	28.16204564	22.51334568	28.16204564	22.51334568	1206.304822	202.0390298	9.233122186	79.64822886	592.8927557	38.18641952	592.8927557	38.18641952
-53.25	-22.25	22.42794109	10.89246576	57.2872545	286.7665108	31.11571859	12.10195042	19.01376817	25.06742894	18.64862024	25.06742894	18.64862024	1377.239576	249.2979265	9.588714514	83.70567392	715.857924	41.57620435	715.857924	41.57620435
-55.75	-16.75	25.79973122	9.973245813	55.40850931	178.4195864	35.1764624	17.17697832	17.99948408	26.42641371	23.63928594	27.8561501	23.63928594	1361.602162	234.5400453	1.29234618	90.11917689	699.5726814	6.956434682	347.47775	6.956434682
-53.75	-20.75	24.09302469	9.94706107	56.03130638	230.4093565	32.35107522	14.59839067	17.75268455	25.86046808	21.06550344	25.87089217	21.06550344	1376.767827	248.0795652	4.890519738	87.86890804	722.9065925	24.64934947	367.1144046	24.64934947
-57.25	-20.75	25.96543129	9.717464971	56.57892404	237.7798214	33.68639663	16.51133518	17.17506145	27.94527554	22.76173723	27.94527554	22.76173723	1232.469598	212.6067504	7.48985843	82.53824436	620.5423452	32.46129362	620.5423452	32.46129362
-53.75	0.25	23.78206653	7.99757351	61.74501917	79.81224069	32.48658398	19.53400316	12.95258082	23.9031163	24.83647683	24.83647683	22.99632214	1436.009223	287.7960581	24.54675019	72.26633986	513.5010844	117.1858675	117.1858675	430.4046706
-57.25	-2.75	24.79238277	7.934026374	60.74400151	81.95743632	33.32335645	20.26194104	13.06141541	24.6433156	24.1744182	25.92639571	24.1744182	2189.720785	309.83157	29.52334669	58.65010323	794.8820932	236.5521549	404.7887944	236.5521549
-47.75	-13.75	23.45290153	8.427510702	51.77048295	191.0059682	31.97964476	15.70104309	16.27860167	24.11827733	20.87239462	25.56385098	20.87239462	1210.08251	245.2638394	2.313657022	102.6405184	694.8417773	8.57444369	209.4298985	8.57444369
-60.75	-16.75	25.41661858	10.02090866	56.47425748	173.6162945	33.77949419	16.03528806	17.74420613	26.29333172	23.60657539	27.17819361	23.60657539	1146.62973	188.7648802	3.667472746	80.26259453	537.6970263	20.25371033	310.1435475	20.25371033
-49.25	-17.25	22.44118324	9.461343963	52.60785133	247.1170973	31.21974181	13.23508035	17.98466146	24.04729996	19.02833552	24.57031133	19.02833552	1224.262816	231.4411612	2.604127644	95.52917555	661.3502194	9.633197848	291.5707645	9.633197848
-56.25	-3.75	24.32902203	7.79117824	61.83672514	70.30956355	32.00227325	19.40267613	12.59959712	24.06404945	23.71808542	25.29824452	23.71808542	2151.13563	301.6618646	35.94248773	58.96488703	815.7892377	181.1440572	379.0105236	181.1440572
-60.25	-14.75	24.33802559	10.44022781	54.31521054	172.8742779	34.03168179	14.81012726	19.22155453	24.6422529	23.14225276	26.24493925	23.14225276	1285.465318	219.4305667	2.150542789	80.85402972	586.5979744	13.89391036	342.9919941	13.89391036
-49.25	-6.25	24.53304255	7.930316583	55.24164834	123.7898708	33.46180661	19.10612241	14.3556842	23.68450765	24.8144636	25.85944205	23.68450765	2882.797685	507.134033	4.701146419	87.22999503	1327.138243	32.17087802	405.897463	1327.138243
-56.75	-10.25	23.83963394	10.25014003	53.37807797	144.7490372	34.47469427	15.27179221	19.20290206	23.70566368	23.11765351	25.33412202	23.11765351	1924.148242	305.3651926	1.45974396	78.47921496	875.4612967	15.89066891	497.6737981	15.89066891
-55.75	-7.25	23.4382122	9.282484731	54.14268601	87.57989263	32.93644519	15.7919601	17.14448509	23.34115008	22.66388985	24.50904057	22.66388985	2376.208006	369.0362244	5.698310966	71.85387035	1043.091853	45.71081251	539.4351045	45.71081251
-38.75	-6.75	23.45489357	7.325444757	59.06679573	128.6251007	30.37208677	17.97011936	12.40196741	23.48164873	24.56918147	24.56918147	21.66395189	1486.894614	314.0069027	13.13299396	99.47464463	710.9782665	55.53447393	55.53447393	79.14890833
-58.75	-19.75	26.63815445	10.11494271	57.88734262	228.201956	34.42433033	16.95083397	17.47349636	28.53072778	23.66243964	28.53072778	23.66243964	1155.395635	192.2851302	6.123638692	81.26911414	567.5947819	28.54438256	567.5947819	28.54438256
-50.25	-10.75	25.4317349	9.179780989	57.46959664	137.4901709	34.65630589	18.68302345	15.97328244	25.2265505	24.46800338	27.30584976	24.46800338	1823.103462	346.366171	0.490578606	96.32635749	965.7050752	3.547098479	328.0246019	3.547098479
-45.75	-14.75	23.35639306	8.190042919	51.97614287	229.9009242	30.78156455	15.0242527	15.75731185	24.97624075	20.03522411	24.97624075	20.03522411	857.0971338	162.49027	5.588932765	96.69442211	473.646938	19.23224883	473.646938	19.23224883
-55.75	-23.75	22.71739163	10.76735795	59.01410739	310.6071839	30.55325814	12.30786152	18.24539662	25.88762408	18.65171193	25.88762408	18.65171193	1334.109677	212.8700168	19.09768895	71.21233359	617.5451	70.93259086	617.5451	70.93259086
-54.25	-26.75	19.80138318	10.69646095	55.70814207	338.6183776	28.72041266	9.519519305	19.20089336	23.61878027	15.4718327	23.61878027	15.4718327	1526.610832	208.5524362	49.25308561	49.7168794	589.2469538	164.8793398	589.2469538	164.8793398
-57.25	-3.75	24.58172438	7.963187012	59.36635024	78.86901924	32.94965112	19.53601363	13.41363749	24.26518506	23.9607262	25.65737881	23.9607262	2237.850952	328.0189715	31.98812982	60.34512784	870.4481405	175.6800254	417.3163516	175.6800254
-51.75	-0.25	24.0452851	7.173535783	67.27930798	35.51535809	30.8530819	20.1907609	10.662321	24.13694514	24.38490242	24.38490242	23.68399385	1862.202181	368.1904927	32.28919734	67.78478927	719.7631686	131.4221014	131.4221014	494.5055244
-46.25	-5.75	24.5902038	7.700765424	52.87415028	160.6441149	33.91682895	19.35249953	14.56432942	23.62361869	24.51526332	26.58377765	23.62361869	3127.868185	621.5588213	4.304337339	95.96808711	1431.128573	39.05563048	265.4699859	1431.128573
-61.25	-17.75	25.52966189	9.538879209	56.92147695	200.908654	32.87023742	16.11227589	16.75796153	26.98041675	23.053038	27.21300783	23.053038	1075.91983	174.2485321	5.560526415	77.64013372	505.1570155	28.05756654	294.8386558	28.05756654
-62.25	-14.75	24.88643786	11.16920837	56.73696314	164.1018775	34.69887013	15.01292335	19.68594678	25.42467299	23.56203864	26.67088416	23.56203864	1234.259577	200.9666976	3.2197744	76.7787408	548.1957693	21.6287665	345.8067276	21.6287665
-56.25	-14.75	24.95037434	9.779130101	55.03798975	152.743228	34.14060326	16.37263945	17.76796381	25.23141836	23.39087656	26.83581497	23.39087656	1409.204452	241.3148608	0.836315698	87.85942249	691.1243111	5.204444648	364.6436551	5.204444648
-42.25	-4.75	26.67807955	7.480066604	63.24776807	135.4578522	33.8974409	22.07083131	11.82660959	25.47753013	26.49050622	28.60995768	25.47753013	2225.779859	538.5254016	3.440119964	107.2544248	1277.111954	53.09187936	72.44430299	1277.111954
-57.75	-0.25	24.13476623	8.544448925	59.7491248	82.12139036	33.90423362	19.60369122	14.3005424	24.06671735	23.67591554	25.22523676	23.57119526	1934.595171	361.8876648	20.9650201	68.31395148	766.8651342	359.0383733	383.1647322	425.5269315
-53.75	-23.25	21.75654671	10.93397089	58.11823428	308.6398166	30.10765293	11.29433035	18.81332258	24.78089745	17.68287611	24.78089745	17.68287611	1386.457403	241.5362126	15.50820278	77.69272142	690.764298	60.5385915	690.764298	60.5385915
-43.25	-9.75	24.05901392	8.317393688	57.83556484	160.2645895	31.79073924	17.40963358	14.38110566	24.61352786	21.98341697	25.7355284	21.98341697	1267.283184	310.6597469	4.971185576	112.3603546	732.5644585	25.59263428	83.04286315	25.59263428
-58.25	-4.75	24.60941898	8.271311554	56.3306524	87.26184247	33.50409003	18.82058966	14.68350037	24.31464406	23.94161914	25.76244689	23.94161914	2298.569055	347.5957255	23.70956592	63.32517257	964.5267905	125.8516195	453.7159111	125.8516195
-44.75	-11.75	23.17360515	8.542108329	54.88775988	193.3704796	31.26698001	15.70411436	15.56286565	24.10270236	20.46959784	24.9288971	20.46959784	1016.479351	225.5223573	5.668634729	104.7832863	589.0433075	21.86676615	118.4554429	21.86676615
-50.75	-21.75	22.63814434	10.68332009	58.10492969	257.4717674	31.18990827	12.80365404	18.38625423	24.92911651	19.16381262	24.92911651	19.16381262	1348.387631	252.0387857	6.867855313	87.89269834	723.3577363	31.58226902	723.3577363	31.58226902
-58.25	-5.25	24.53715429	8.423287648	56.22073922	87.85833463	33.34829866	18.36577128	14.98252738	24.2740336	23.84294138	25.69609093	23.84294138	2270.436712	351.9885117	19.1793934	64.26865805	967.0469788	106.3881328	456.1983275	106.3881328
-38.25	-5.25	25.04473888	6.711312713	63.24883876	84.15919288	30.96986647	20.35890057	10.6109659	24.88611969	26.05978863	26.05978863	24.00289975	1424.542184	294.0803662	11.17690787	91.54991607	738.8383049	60.07738807	60.07738807	94.88957495
-40.25	-16.75	22.74186511	6.670563909	52.9660212	236.644947	29.374758	16.7807142	12.5940438	23.38781372	22.69751767	25.24607923	19.63604981	835.2606438	106.3441224	39.59684666	32.54720948	278.8603407	139.2032295	252.842552	164.3545216
-53.25	-8.75	23.27316852	10.07753566	51.81497356	140.9417205	34.55492121	15.10584121	19.44908	23.04713372	22.42525275	24.94402417	22.42525275	2305.882443	373.3010754	1.864656268	82.17208336	1079.576577	15.58886909	505.5628421	15.58886909
-47.75	-12.25	24.38352255	8.817356917	54.08508422	166.2648072	33.33655208	17.03380051	16.30275157	24.55478219	22.43861749	26.56236185	22.43861749	1406.880054	298.8998225	1.25628612	104.9824337	815.6014497	5.448967173	216.5958944	5.448967173
-45.25	-4.25	25.6351799	8.016740064	58.76741992	126.116753	34.33975017	20.69827999	13.64147018	24.70102142	25.49021098	27.32993637	24.70102142	2827.785198	627.3609015	9.477126857	92.59227306	1517.688258	101.9382914	185.25635	1517.688258
-49.25	-12.25	25.14924416	8.913443218	55.146377	160.5033996	34.21990635	18.05666281	16.16324354	25.20876584	23.50653675	27.33632614	23.50653675	1506.625344	307.5585622	0.601521491	101.8476576	847.0349978	2.876345094	256.8150394	2.876345094
-52.25	-22.75	21.81390009	11.18105297	58.65240599	293.2493306	30.54834258	11.48509568	19.0632469	24.60526617	17.90688882	24.60526617	17.90688882	1373.91066	252.6326389	11.08728962	82.83754804	717.0659578	47.37150197	717.0659578	47.37150197
-54.75	-20.75	23.42532857	10.49114023	56.02566847	246.0935108	32.28744065	13.56184484	18.72559581	25.36074144	20.25270617	25.36074144	20.25270617	1382.752506	248.407638	5.75491694	86.5746812	718.9810296	27.63322952	718.9810296	27.63322952
-38.25	-7.25	23.22298805	7.407790386	59.67971317	136.14573	30.16730118	17.75472412	12.41257706	23.39861014	24.10667646	24.10667646	21.30626122	1372.771285	282.8142362	16.68665353	94.10486747	634.6997509	62.56051085	62.56051085	94.31999354
