"lon"	"lat"	"cells"	"bio.1"	"bio.2"	"bio.4"	"bio.12"	"bio.15"
-54.517429	-25.624582	9791	20.90305863	10.70247636	324.8064441	1453.981564	57.51017181
-49.360981	-6.604544	5242	24.83463322	7.921730417	130.9609611	2794.084762	89.06757464
-50.757384	-4.574723	4759	23.52439209	7.937708612	55.50499005	2939.43182	72.09486823
-50.089303	-6.490243	5120	23.63596801	8.523752189	111.1491987	2875.150599	82.15835155
-51.05752	-4.01325	4638	23.56779831	7.535557144	46.94138181	2863.730784	67.61500536
-56.306958	-19.9637	8348	25.68986578	9.863961298	215.8538191	1310.314589	87.31749281
-49.106255	-5.635779	5002	24.21992704	8.054802886	109.834501	2955.555317	84.31078301
-51.065892	-3.92782	4518	23.84163367	7.393635993	49.23070365	2788.361173	66.14508098
-49.858089	-6.536633	5241	24.34671082	8.221868546	131.2942053	2791.260178	86.6302015
-49.940017	-7.10625	5361	24.75878159	8.188621621	135.5267064	2674.626412	88.91705256
-56.36016	-20.32233	8468	25.23502757	9.896387965	226.3485339	1310.457217	86.21201954
-50.767709	-4.398304	4639	23.68698155	7.623828523	51.05151484	2910.359886	69.97983598
-49.220509	-11.654095	6442	25.32829234	8.944702555	152.9098293	1588.278274	101.195273
-56.768735	-17.354311	7747	26.54953948	10.09426924	177.2016205	1306.910229	88.50683448
-56.615379	-20.085772	8467	25.8752611	9.69496618	225.9947928	1270.836487	85.19776118
-57.038612	-19.555665	8346	26.67926007	9.538980447	215.1303878	1233.825637	85.18387513
-56.689361	-20.598509	8587	25.35064277	9.832796071	238.1173724	1270.97559	83.64344201
-55.790965	-20.477603	8469	24.49908458	10.23702928	231.8992797	1346.810969	86.83015387
-55.083947	-19.943579	8350	24.5547115	10.3484796	221.429436	1383.00812	88.73540731
-46.152764	-13.347812	6808	23.81540705	8.452692148	195.0044589	1058.27944	102.9380827
-57.11938	-19.328109	8226	26.77234544	9.61437074	205.0967473	1240.433767	86.11444633
-54.631448	-20.467707	8471	23.68638667	10.53531496	235.8095874	1394.028417	87.99957202
-49.676167	-5.844894	5001	23.81509054	8.307919136	101.6048109	2952.190441	81.68527736
-58.435206	-16.333566	7504	26.48228833	9.79283376	165.2680931	1251.911632	85.19183401
-56.008258	-9.258326	5828	23.67636551	10.1173419	120.7547531	2128.240113	76.58555632
-56.473439	-21.100436	8708	24.08730476	10.10345244	254.8028142	1312.628254	82.73672095
-56.620833	-16.378611	7507	26.281113	9.969612037	170.6045302	1325.214789	88.13995009
-57.759427	-16.089752	7505	26.48223939	9.967569455	166.7778981	1278.644539	86.22472216
-59.010959	-16.711918	7622	26.05834291	9.769085584	172.6068308	1203.934759	83.54115657
-56.377802	-16.513124	7628	26.19921991	10.03085536	175.3132484	1337.923798	89.315768
-56.877233	-16.758115	7627	26.38413887	10.08748929	173.4104296	1314.931658	88.4429555
-45.371834	-10.101059	6090	24.02629308	8.342569083	158.4881369	1437.433993	110.4457518
-57.558905	-25.287667	9665	22.8046233	10.68119618	375.7945037	1297.281776	60.98194251
-46.567768	-10.619279	6207	24.23849103	8.378085799	156.9684879	1554.54213	107.0014753
-47.945861	-15.961995	7405	21.65674719	8.326574805	239.9697742	1076.962163	96.94656021
-47.537579	-10.723571	6205	24.69814753	8.565570457	152.6520301	1674.699076	104.6639585
-57.472667	-22.261167	8946	24.67546729	10.26132132	274.0500351	1229.158864	76.06991898
-53.332203	-7.739514	5474	23.10398619	9.669651093	113.9359792	2499.402007	78.81152143
-55.786518	-19.25696	8229	25.61061258	10.00603575	206.9779504	1348.97712	89.04747463
-57.848857	-21.700983	8825	25.38973724	10.06539442	265.3391596	1204.723326	77.59874487
-52.041223	-2.619515	4276	24.16215162	7.160468073	51.05792618	2342.238947	61.52649728
-54.938104	-19.44762	8231	24.73649857	10.10946136	208.5017159	1408.826409	90.3061144
-55.987959	-9.246651	5829	23.6005803	10.0818166	127.1723663	2144.427694	77.8997327
-46.879674	-10.150329	6087	24.45252103	8.234328822	152.4907689	1672.368479	107.3566047
-53.654706	-22.325011	8953	22.29925762	10.83379413	292.7992035	1381.194961	83.10199241
-56.098521	-9.877939	5948	23.82984309	10.07412679	141.1307375	2036.51088	78.125209
-57.323865	-17.8239	7866	26.55491451	10.23473494	180.827753	1274.510982	87.35716698
-50.590142	-6.156548	5119	23.44796375	8.66236849	100.2122809	2844.732926	80.14133709
-57.501433	-22.174172	8945	25.09036849	10.2626075	277.3962067	1204.216935	75.22451484
-50.365131	-5.964287	5000	23.52768434	8.46085035	91.64854185	2938.400955	79.44745143
-46.90673	-9.09273	5847	25.21647559	7.822972332	141.904185	1956.278721	107.1081767
-57.516131	-19.203376	8225	26.89734355	9.683190911	208.2920932	1213.46639	84.90312115
-49.918828	-6.066049	5121	23.9989973	8.287496636	119.8499521	2885.716007	84.29247054
-55.38963	-19.28515	8230	25.16901676	10.14216165	207.6753801	1384.954577	89.82175071
-55.553311	-20.510319	8589	24.00790928	10.28498827	245.0344474	1343.846352	85.36448682
-57.836522	-16.566683	7625	26.47828761	10.06556304	172.6357863	1272.435847	86.53670087
-54.234301	-2.869641	4272	24.33214036	7.479281384	58.50574554	1930.445926	58.46679498
-53.856286	-3.209545	4393	24.06780739	7.348402441	50.88295789	2153.902137	57.74928237
-56.16507	-15.698048	7388	25.84003105	9.665788629	172.2372027	1354.536315	88.66436665
-58.534437	-17.000999	7743	26.42916794	9.662297506	184.2264846	1217.688729	84.39145288
-51.85055	-6.561074	5237	23.24221659	9.048001788	103.6762871	2728.005761	78.66193465
-52.70128	-17.288597	7755	22.57280642	10.16838937	214.0106353	1502.463118	93.8943787
-49.363768	-8.015833	5602	25.73636011	8.165723085	133.4274032	2405.466306	95.02110333
-49.374485	-7.999063	5482	25.53037343	8.014220035	136.883287	2550.557432	93.04677115
-42.791832	-5.070148	4895	26.86601569	7.350739106	151.9714095	2564.476789	108.1425035
-56.861843	-19.91042	8347	26.24211421	9.651894367	214.7803182	1271.506957	86.31469509
-55.612633	-19.506732	8349	25.05730706	10.14722193	218.7793138	1348.492272	88.1437674
-48.473096	-8.041978	5604	26.00730375	7.936136588	141.9639026	2373.752705	99.15278393
-52.661709	-22.163207	8955	22.46786561	11.0271075	283.1792564	1371.164164	84.58013594
-55.863286	-16.345835	7509	25.43336395	9.877294065	177.0709537	1372.190927	89.91129899
-47.78639	-14.165708	7045	23.05006668	8.379366065	202.8767244	1157.949021	101.210121
-46.38608	-13.520258	6928	23.62227929	8.174898248	207.4294234	1003.181158	101.2567322
-56.346685	-19.371646	8228	26.09935868	9.836951876	205.5867069	1311.472002	88.22949469
-54.897491	-19.939134	8351	24.25074063	10.30803605	221.1713615	1400.768779	89.21142077
-50.7125	-3.847	4519	23.91238246	7.451159933	52.08343133	2852.333448	68.71704726
-50.518956	-6.729223	5239	23.63937686	8.767188441	117.4585247	2771.03911	82.41022705
-56.194309	-2.503303	4268	24.74968104	7.906425356	76.88942589	1981.90535	58.01007047
-51.059754	-6.531044	5238	23.3905253	8.948336095	111.3636477	2754.877179	80.39695075
-57.84441	-21.09977	8705	25.88635105	9.853438193	252.6029263	1206.304822	79.64822886
-56.916649	-19.478556	8227	26.45759759	9.725582122	205.0284793	1275.265191	87.2893009
-57.182765	-15.076356	7266	25.78690753	9.858939516	155.3824049	1337.001729	86.19353016
-55.724802	-15.43634	7269	25.02506467	9.660286244	169.6182848	1396.609423	89.24014323
-53.343258	-18.252828	7994	22.73134791	9.877474978	215.0597687	1485.733638	92.80408973
-49.419486	-14.211836	7042	24.06548047	8.892288247	191.6470242	1284.038463	101.0223154
-57.664447	-18.935597	8105	26.72298862	9.976843803	199.6081746	1226.383279	85.52319863
-56.3503	-16.3811	7508	25.9794358	9.929627324	173.0911006	1347.744481	89.06103997
-50.586376	-13.233856	6799	25.22207867	9.229361522	171.4810991	1417.527062	98.54907988
-54.330357	-9.761888	5952	23.71516479	10.29037052	159.2517376	2079.853024	83.01545216
-56.214664	-2.497458	4148	24.82180274	8.065479665	81.3871457	1873.921817	59.5742236
-57.36	-22.68	9066	24.76368901	10.33290477	288.3654786	1229.165074	73.79074684
-55.931108	-9.597261	5949	23.76927337	10.11003239	145.1117009	2055.880772	79.24263329
-50.81978	-5.922444	4999	23.38994725	8.509023001	81.91474389	2909.257754	77.1008863
-56.65	-18.983333	8107	26.56360154	9.858578032	195.7719289	1282.309155	87.81831468
-57.20581	-18.625424	8106	26.68268372	9.929368273	195.9505682	1252.349182	86.67932974
-59.945732	-15.007933	7261	25.15685068	9.997477953	162.2388555	1246.458444	81.84451722
-48.563071	-6.443599	5123	25.01533814	7.582464712	137.891207	2901.064464	89.18968992
-59.518056	-19.559722	8341	26.74638593	9.614536259	251.1664951	1087.430037	78.26327882
-57.55	-22.733333	9065	25.09517987	10.33454534	293.1485757	1206.95304	72.99073625
-51.456289	-13.653353	6918	24.94262067	9.321490372	177.431362	1394.744241	97.52385469
-56.416769	-14.833113	7148	24.95037434	9.779130101	152.743228	1409.204452	87.85942249
-56.425781	-17.66496	7868	26.59083804	9.915755397	183.9515383	1320.096606	89.27723846
-54.96417	-8.746311	5711	23.24762696	9.979841793	122.4937116	2268.530896	78.49983337
-56.667438	-21.008641	8707	24.75847081	10.02248299	250.8964782	1271.658531	81.72271629
-52.888398	-18.260979	7995	22.12505185	9.97153922	232.715898	1474.267458	92.77412987
-56.55632	-15.736433	7387	26.09097168	9.820955047	166.8193171	1332.612756	87.7532451
-48.306885	-10.206813	6084	25.22946157	8.601418832	143.3804963	1819.550131	102.7321768
-55.838013	-18.994609	8109	26.02990722	9.920979613	197.6813293	1346.598222	89.70265312
-55.892644	-15.696177	7389	25.23613665	9.72423857	175.1375866	1379.876218	89.62875836
-57.4334	-21.0334	8706	25.41732265	9.93215311	249.4584042	1233.756117	80.65207954
-55.690513	-5.979893	4989	23.84786352	8.44726276	76.78813932	2361.263536	66.12903452
-54.363849	-21.927788	8832	22.78956984	10.55847453	272.5253263	1376.344264	84.1806907
-55.26	-24.11	9430	22.04112442	10.66978301	317.6267828	1373.831764	68.48095607
-46.957778	-22.431944	8967	18.09264364	10.01304423	304.046338	1385.931844	78.39332351
-61.008	-13.535	6898	24.38047163	10.78593953	163.9398126	1333.516183	78.13224658
-57.475161	-15.642929	7386	26.34598937	9.907892427	163.1535665	1306.871517	86.58980364
-48.58	-12.05	6563	24.9377957	8.83470592	161.8161125	1485.388996	103.0744909
-54.7	-2.43	4151	24.51054691	7.598194293	65.17199083	1740.421242	60.63646193
-40.8	-18.7	8139	22.51989511	4.781943381	215.9932158	907.5285271	36.6040929
-47.87	-12.55	6685	24.12704211	8.757484508	174.4112378	1336.722149	104.6364519
-53.48	-1.8	4034	24.00632851	7.270967119	55.40856381	1851.194596	64.4449576
-46.95	-12.93	6687	23.99225105	8.714581933	178.3812272	1200.178201	104.8298205
-54.75	-18.5	8111	25.07540406	9.969888272	200.2986922	1411.330077	91.11124633
-53.2	-10.333333	6074	24.01874745	10.32782829	168.7398769	1978.981348	87.15141062
